13.124, 0.7598, 2.628, 0, -0.05126161, 40, 1
0.092, 0.7598, 3.942, 0, -0.045588, 40, 1
0.083, 0.7598, 6.132, -0.8452, -0.045588, 40, 1
0.065, 0.7598, 4.8871, -0.7034, -0.045588, 40, 1
0.08, 0.7594, 0.9413, -0.7034, -0.045074, 40, 1
0.076, 0.7587, 1.9916, -0.7034, -0.04461937, 40, 1
0.079, 0.7579, 1.5213, -0.6905, -0.04448159, 40, 1
0.081, 0.7568, 1.7675, -0.6792, -0.04407714, 40, 1
0.076, 0.7558, 2.1016, -0.6757, -0.04405853, 40, 1
0.088, 0.7536, 2.7223, -0.6656, -0.042766, 40, 1
0.072, 0.7513, 3.2342, -0.6651, -0.04194744, 40, 1
0.084, 0.7487, 3.8498, -0.6328, -0.04188867, 40, 1
0.08, 0.7454, 4.5197, -0.6124, -0.0406815, 40, 1
0.076, 0.7426, 5.07, -0.6109, -0.04094547, 40, 1
0.084, 0.7371, 6.0758, -0.5807, -0.03780933, 40, 1
0.076, 0.7317, 6.9586, -0.5873, -0.03693884, 40, 1
0.08, 0.7271, 7.641, -0.5089, -0.037991, 40, 1
0.088, 0.7183, 8.7693, -0.4871, -0.033298, 40, 1
0.096, 0.71, 9.6638, -0.5134, -0.03412708, 40, 1
0.088, 0.7008, 10.551, -0.3961, -0.03180255, 40, 1
0.08, 0.6878, 11.5133, -0.4168, -0.025343, 40, 1
0.075, 0.6793, 12.5419, -0.3587, -0.02965133, 40, 1
0.087, 0.6832, 13.2602, -0.1972, -0.0453851, 40, 1
0.081, 0.6879, 14.4313, -0.305, -0.04696042, 40, 1
0.101, 0.7011, 15.2476, -0.6983, -0.05487392, 40, 1
0.068, 0.7152, 16.0569, -0.7377, -0.06323259, 40, 1
0.084, 0.728, 16.8775, -0.9355, -0.05861333, 40, 1
0.077, 0.7386, 17.7058, -1.1445, -0.05780691, 40, 1
0.087, 0.7469, 18.5395, -1.029, -0.05416343, 40, 1
0.088, 0.7539, 19.711, -1.0088, -0.05302945, 40, 1
0.076, 0.7562, 20.1906, -0.9178, -0.04833779, 40, 1
0.08, 0.7569, 21.0059, -0.8894, -0.0462715, 40, 1
0.081, 0.7549, 21.8145, -0.7721, -0.04287425, 40, 1
0.087, 0.7501, 22.615, -0.7205, -0.0395991, 40, 1
0.075, 0.74, 23.6173, -0.6355, -0.03120267, 40, 1
0.093, 0.7287, 24.3848, -0.5536, -0.03181447, 40, 1
0.08, 0.7148, 25.1486, -0.3437, -0.0258605, 40, 1
0.08, 0.6986, 25.9076, -0.359, -0.022071, 40, 1
0.092, 0.6752, 26.848, -0.2102, -0.01558591, 40, 1
0.072, 0.6598, 27.4078, -0.1154, -0.01862689, 40, 1
0.092, 0.6383, 28.1486, 0.0467, -0.01539583, 40, 1
0.094, 0.6099, 29.0661, -0.0293, -0.006985489, 40, 1
0.082, 0.5801, 29.9741, 0.0514, 0.0008086341, 40, 1
0.084, 0.5561, 30.6936, 0.2617, -0.005366, 40, 1
0.088, 0.5332, 31.4071, 0.4565, -0.006489727, 40, 1
0.084, 0.5118, 32.1148, 0.3022, -0.005741333, 40, 1
0.08, 0.4906, 32.9913, 0.2741, -0.003466, 40, 1
0.088, 0.5038, 33.686, 0.2928, -0.044928, 40, 1
0.076, 0.5466, 34.3749, 0.3497, -0.08798547, 40, 1
0.08, 0.5927, 35.057, -0.6869, -0.0920345, 40, 1
0.081, 0.6332, 35.7298, -1.7633, -0.086992, 40, 1
0.087, 0.6638, 36.3983, -1.8645, -0.07429697, 40, 1
0.084, 0.6824, 37.0629, -1.7385, -0.062644, 40, 0.8732181
0.1, 0.6874, 37.8876, -1.4211, -0.046144, 40, 0.625473
0.088, 0.6717, 38.5804, -1.1298, -0.02281791, 40, 0.4180073
0.076, 0.653, 38.8513, -0.7173, -0.01506684, 40, 0.3410455
0.072, 0.6199, 38.9807, -0.1341, 0.007858778, 40, 0.3039928
0.096, 0.5693, 39.0087, 0.0597, 0.01749617, 40, 0.2970983
0.084, 0.5253, 38.989, 0.6328, 0.01981533, 40, 0.3035345
0.088, 0.482, 38.9559, 0.8737, 0.01930045, 40, 0.3136061
0.088, 0.4328, 38.9198, 0.9317, 0.02882291, 40, 0.3244702
0.081, 0.3993, 38.9001, 0.9188, 0.01657286, 40, 0.3302132
0.087, 0.3777, 38.8906, 1.1569, 0.001669034, 40, 0.3329292
0.08, 0.4009, 38.8886, 0.8507, -0.052474, 40, 0.333445
0.086, 0.4572, 38.8901, 0.4781, -0.09158781, 40, 0.3329526
0.062, 0.516, 38.8902, -0.8755, -0.1239019, 40, 0.3329384
0.092, 0.5697, 38.8863, -1.8534, -0.09138417, 40, 0.3341524
0.072, 0.611, 38.8792, -2.6612, -0.09287389, 40, 0.3363386
0.096, 0.6374, 38.8802, -1.8483, -0.065194, 40, 0.3359296
0.08, 0.6479, 38.8844, -1.8855, -0.0517365, 40, 0.3346275
0.072, 0.6423, 38.8884, -1.1935, -0.03091578, 40, 0.3334244
0.084, 0.6229, 38.8928, -0.8571, -0.01474067, 40, 0.3321076
0.088, 0.5831, 38.8964, -0.3366, 0.009336727, 40, 0.3310391
0.081, 0.5423, 38.8978, 0.0678, 0.01682496, 40, 0.3306427
0.075, 0.4978, 38.8971, 0.6698, 0.02827867, 40, 0.3308793
0.084, 0.4534, 38.8958, 0.857, 0.024596, 40, 0.3312755
0.088, 0.4148, 38.8943, 1.1433, 0.01809836, 40, 0.331727
0.076, 0.4182, 38.8938, 1.0512, -0.02947621, 40, 0.3318666
0.08, 0.4581, 38.8942, 0.8888, -0.0763635, 40, 0.331735
0.08, 0.5025, 38.8944, -0.3006, -0.08454, 40, 0.3316775
0.096, 0.5441, 38.8905, -1.4728, -0.07511267, 40, 0.3328906
0.092, 0.5848, 38.8869, -1.6772, -0.07844235, 40, 0.3339691
0.076, 0.6058, 38.8871, -1.4415, -0.06342695, 40, 0.3338674
0.08, 0.6148, 38.8885, -1.5247, -0.047913, 40, 0.3334325
0.084, 0.6115, 38.8912, -1.1493, -0.03284, 40, 0.3326079
0.08, 0.5971, 38.894, -0.7615, -0.018186, 40, 0.331765
0.072, 0.5734, 38.896, -0.3847, -0.002145667, 40, 0.3311722
0.084, 0.5428, 38.8971, -0.0183, 0.003132, 40, 0.3308569
0.08, 0.5083, 38.897, 0.3827, 0.0117645, 40, 0.3309013
0.068, 0.4725, 38.8966, 0.5146, 0.02324412, 40, 0.3310259
0.096, 0.4378, 38.8959, 0.7304, 0.009154917, 40, 0.3312373
0.08, 0.4162, 38.8948, 1.0174, 0.001488, 40, 0.3315738
0.081, 0.4355, 38.8949, 0.6652, -0.04948062, 40, 0.3315288
0.071, 0.4802, 38.8955, 0.4735, -0.09051059, 40, 0.3313415
0.072, 0.5258, 38.8942, -0.8007, -0.09361467, 40, 0.3317581
0.085, 0.5655, 38.8888, -1.8264, -0.07970176, 40, 0.3334235
0.083, 0.5945, 38.8855, -1.904, -0.06991096, 40, 0.3343898
0.077, 0.6112, 38.8861, -1.5562, -0.05792655, 40, 0.3341622
0.081, 0.6153, 38.8888, -1.3114, -0.04187849, 40, 0.3333267
0.082, 0.6073, 38.8921, -1.0118, -0.02687702, 40, 0.3323298
0.088, 0.5885, 38.8949, -0.6106, -0.01437364, 40, 0.3314982
0.081, 0.5532, 38.8971, -0.2356, 0.009516642, 40, 0.3308428
0.075, 0.5273, 38.8976, 0.077, 0.002204667, 40, 0.3307133
0.084, 0.491, 38.8967, 0.6742, 0.01289, 40, 0.3310007
0.08, 0.4543, 38.8962, 0.4914, 0.0176995, 40, 0.3311462
0.08, 0.4112, 38.8955, 0.7586, 0.0281255, 40, 0.3313588
0.072, 0.3883, 38.8952, 0.8788, 0.007871444, 40, 0.3314442
0.084, 0.3634, 38.8945, 1.1395, 0.007246, 40, 0.3316583
0.084, 0.3754, 38.895, 0.6331, -0.036524, 40, 0.331494
0.08, 0.4534, 38.8957, 0.6175, -0.122754, 40, 0.3312813
0.08, 0.5542, 38.8953, -0.4768, -0.156732, 40, 0.331415
0.084, 0.6692, 38.8805, -2.6325, -0.1743187, 40, 0.3360262
0.072, 0.7252, 38.8693, -3.482, -0.1197342, 40, 0.3393656
0.093, 0.7856, 38.8564, -3.9216, -0.1107833, 40, 0.3432187
0.092, 0.8032, 38.8627, -2.557, -0.06693983, 40, 0.3411215
0.079, 0.7889, 38.8764, -2.3333, -0.02959476, 40, 0.3369066
0.088, 0.7511, 38.8881, -1.2372, -0.002970545, 40, 0.333437
0.09, 0.6958, 38.8952, -0.3035, 0.01846756, 40, 0.3313611
0.087, 0.6111, 38.898, 0.3621, 0.0587432, 40, 0.3305678
0.071, 0.5559, 38.8974, 0.898, 0.04283755, 40, 0.3307885
0.076, 0.4843, 38.8915, 1.9049, 0.06326832, 40, 0.3326276
0.076, 0.4257, 38.8893, 1.5073, 0.05002116, 40, 0.3332389
0.089, 0.4078, 38.8873, 2.018, -0.004757888, 40, 0.3338325
0.083, 0.4142, 38.8885, 1.6869, -0.03240863, 40, 0.3334355
0.072, 0.4263, 38.8904, 0.3174, -0.04204744, 40, 0.3328536
0.076, 0.4469, 38.8917, -0.3739, -0.05337716, 40, 0.3324729
0.095, 0.4697, 38.8926, -0.6149, -0.051702, 40, 0.3322105
0.085, 0.4966, 38.8929, -0.8981, -0.06081012, 40, 0.3321265
0.1, 0.5143, 38.8935, -0.8562, -0.048204, 40, 0.331944
0.08, 0.5281, 38.8938, -1.0839, -0.048591, 40, 0.3318563
0.089, 0.5314, 38.8947, -0.7688, -0.03551771, 40, 0.3315799
0.084, 0.5276, 38.8955, -0.7784, -0.02722267, 40, 0.3313405
0.075, 0.5171, 38.8963, -0.4516, -0.017306, 40, 0.3310993
0.072, 0.5338, 38.8969, -0.2442, -0.05475856, 40, 0.3309217
0.088, 0.5876, 38.8971, 0.0037, -0.09516964, 40, 0.3308677
0.084, 0.6912, 38.8959, -0.9326, -0.1623387, 40, 0.3312443
0.088, 0.7618, 38.8911, -1.9429, -0.1243307, 40, 0.3327245
0.081, 0.8117, 38.8745, -3.6221, -0.1090748, 40, 0.3378549
0.082, 0.837, 38.8718, -2.6719, -0.08045659, 40, 0.3384929
0.081, 0.8385, 38.876, -2.2905, -0.05212481, 40, 0.3371481
0.088, 0.8177, 38.8839, -1.5751, -0.02589836, 40, 0.3347402
0.089, 0.7782, 38.8911, -0.8668, -0.003197618, 40, 0.3325891
0.075, 0.7092, 38.8966, -0.2111, 0.047608, 40, 0.3309467
0.084, 0.6435, 38.8982, 0.3564, 0.03804, 40, 0.330521
0.072, 0.5765, 38.8937, 1.6265, 0.05660444, 40, 0.3319525
0.076, 0.5287, 38.8918, 1.3873, 0.02991484, 40, 0.332485
0.091, 0.4715, 38.8891, 1.8514, 0.03331, 40, 0.3332997
0.086, 0.4127, 38.8904, 1.1842, 0.04224265, 40, 0.3328649
0.068, 0.3767, 38.892, 1.2691, 0.02928035, 40, 0.3323765
0.071, 0.3575, 38.8928, 1.4924, 0.005051408, 40, 0.3321487
0.083, 0.3426, 38.8941, 1.1683, -0.002963229, 40, 0.3317543
0.089, 0.3692, 38.8957, 0.5626, -0.05144189, 40, 0.331272
0.08, 0.4729, 38.8968, 0.3623, -0.1554065, 40, 0.3309463
0.092, 0.6704, 38.8949, -0.8497, -0.2506044, 40, 0.3315507
0.084, 0.8527, 38.8708, -3.4488, -0.2638453, 40, 0.3390469
0.093, 0.9667, 38.8268, -5.8288, -0.178131, 40, 0.3524331
0.083, 1.0374, 38.7985, -6.1598, -0.1457211, 40, 0.360791
0.068, 1.0645, 38.8136, -4.0169, -0.1029259, 40, 0.3556979
0.089, 1.0515, 38.8425, -3.2067, -0.04877539, 40, 0.3469253
0.087, 1.0023, 38.8712, -2.1368, -0.00471731, 40, 0.3383101
0.084, 0.9244, 38.8907, -0.7831, 0.03541933, 40, 0.3325579
0.087, 0.837, 38.9001, 0.3184, 0.04823057, 40, 0.329862
0.077, 0.8121, 38.8985, 1.3218, -0.01703509, 40, 0.3304708
0.092, 0.7865, 38.8939, 1.6421, -0.01992043, 40, 0.33188
0.076, 0.76, 38.8926, 0.0105, -0.01142895, 40, 0.3322371
0.08, 0.731, 38.8929, -0.0617, -0.008335, 40, 0.3321263
0.084, 0.7007, 38.8941, 0.1506, -0.006692, 40, 0.3317557
0.092, 0.6627, 38.8955, 0.228, 0.0007162609, 40, 0.3313348
0.088, 0.6333, 38.8964, 0.269, -0.005257091, 40, 0.3310698
0.084, 0.6059, 38.8968, 0.4542, -0.004387333, 40, 0.3309552
0.084, 0.6197, 38.8971, 0.3049, -0.053282, 40, 0.3308664
0.091, 0.74, 38.8971, 0.3266, -0.1739538, 40, 0.33087
0.081, 0.8892, 38.8953, -0.8957, -0.2338656, 40, 0.3314322
0.084, 1.0537, 38.864, -3.9125, -0.2551387, 40, 0.3411726
0.084, 1.1506, 38.8294, -5.4103, -0.182086, 40, 0.3515919
0.083, 1.2043, 38.8061, -5.9421, -0.1356628, 40, 0.3584507
0.081, 1.214, 38.8207, -4.1158, -0.0845758, 40, 0.3536098
0.072, 1.184, 38.8481, -2.9552, -0.03020667, 40, 0.3451894
0.084, 1.1201, 38.8744, -1.6781, 0.007344, 40, 0.3373669
0.084, 1.0307, 38.8907, -0.3188, 0.042458, 40, 0.332596
0.076, 0.9252, 38.8964, 0.6199, 0.08052747, 40, 0.331005
0.072, 0.8125, 38.8941, 1.4978, 0.1046472, 40, 0.3318019
0.072, 0.7292, 38.8876, 2.4495, 0.06962856, 40, 0.3338103
0.096, 0.6052, 38.8756, 3.0525, 0.09027133, 40, 0.337445
0.085, 0.523, 38.8759, 2.177, 0.06339176, 40, 0.3372265
0.079, 0.4593, 38.8776, 2.6931, 0.05146225, 40, 0.3366985
0.088, 0.4156, 38.8833, 2.0211, 0.02372991, 40, 0.3349452
0.08, 0.4029, 38.8892, 1.7229, -0.0086165, 40, 0.3331662
0.081, 0.4869, 38.8942, 1.0296, -0.1308436, 40, 0.3316783
0.087, 0.6929, 38.8975, 0.2209, -0.27362, 40, 0.3307121
0.076, 0.8587, 38.8804, -2.8348, -0.2653167, 40, 0.336105
0.092, 0.9997, 38.8127, -6.4042, -0.2101777, 40, 0.3569259
0.093, 1.1001, 38.778, -6.1966, -0.1718038, 40, 0.3669731
0.083, 1.1647, 38.7945, -4.8181, -0.1461567, 40, 0.3614512
0.076, 1.1681, 38.8257, -3.8588, -0.07447021, 40, 0.3518795
0.092, 1.2405, 38.8573, -3.2176, -0.1515517, 40, 0.3424665
0.08, 1.3724, 38.8822, -1.4254, -0.2439215, 40, 0.3350288
0.084, 1.4697, 38.8895, -3.3525, -0.2016987, 40, 0.3330631
0.088, 1.5254, 38.859, -5.6617, -0.1535535, 40, 0.3426466
0.084, 1.5125, 38.8537, -4.6061, -0.0757, 40, 0.3439531
0.08, 1.4529, 38.8647, -3.4025, -0.014164, 40, 0.3404525
0.097, 1.3257, 38.8866, -1.4562, 0.04896934, 40, 0.3337942
0.075, 1.1941, 38.8959, 0.0822, 0.1003113, 40, 0.331106
0.084, 1.0498, 38.8931, 1.6606, 0.105362, 40, 0.3321033
0.09, 0.9327, 38.8785, 2.9441, 0.07154689, 40, 0.3366122
0.082, 1.0453, 38.8669, 3.0704, -0.1972887, 40, 0.3400715
0.084, 1.1442, 38.8683, 2.225, -0.1840353, 40, 0.3394933
0.096, 1.2943, 38.8117, -4.4959, -0.2308851, 40, 0.3570796
0.072, 1.3858, 38.797, -4.1646, -0.2076897, 40, 0.3611042
0.085, 1.4427, 38.7891, -5.3358, -0.1521644, 40, 0.3633629
0.084, 1.4589, 38.8038, -4.7559, -0.106434, 40, 0.358685
0.075, 1.4732, 38.8426, -3.3678, -0.1070773, 40, 0.3467027
0.08, 1.5476, 38.8653, -2.2245, -0.183996, 40, 0.3401263
0.076, 1.6287, 38.8848, -2.2406, -0.2022983, 40, 0.3343034
0.08, 1.6724, 38.8836, -4.1636, -0.1538765, 40, 0.334935
0.08, 1.6721, 38.8747, -4.6211, -0.0999585, 40, 0.3377013
0.08, 1.6288, 38.8782, -3.4106, -0.0446855, 40, 0.3364963
0.084, 1.5483, 38.8865, -2.0626, 0.001018667, 40, 0.3339512
0.072, 1.4391, 38.8949, -0.6808, 0.06228733, 40, 0.3314133
0.076, 1.3108, 38.8961, 0.4618, 0.08679147, 40, 0.3311542
0.072, 1.1753, 38.8879, 1.9935, 0.1139126, 40, 0.3337439
0.076, 1.0757, 38.8805, 2.6061, 0.06388958, 40, 0.3359474
0.088, 0.9538, 38.8701, 3.2841, 0.07852427, 40, 0.3390882
0.12, 1.0471, 38.8735, 2.0336, -0.139021, 40, 0.3379217
0.08, 1.4541, 38.8776, 2.3994, -0.585821, 40, 0.3366687
0.08, 1.6643, 38.8587, -3.0392, -0.357353, 40, 0.3426263
0.072, 1.9098, 38.5722, -14.2092, -0.4487408, 40, 0.4323192
0.076, 2.0948, 38.5002, -8.4975, -0.3642406, 40, 0.4508874
0.072, 2.206, 38.4768, -10.7822, -0.2837156, 40, 0.457285
0.072, 2.2355, 38.5392, -8.6697, -0.1742828, 40, 0.4373733
0.084, 2.2082, 38.663, -6.6566, -0.100642, 40, 0.3996262
0.081, 2.1715, 38.8102, -3.9207, -0.08588753, 40, 0.3551227
0.071, 2.1664, 38.8755, -2.0797, -0.1229446, 40, 0.3364303
0.076, 2.1204, 38.9131, -1.7109, -0.06790821, 40, 0.3255753
0.084, 2.032, 38.9236, -2.6373, -0.01878667, 40, 0.322795
0.068, 1.9073, 38.9241, -1.2614, 0.06527671, 40, 0.3227626
0.076, 1.7962, 38.9199, -0.0333, 0.03548853, 40, 0.3240853
0.076, 1.6381, 38.901, 2.0683, 0.1055798, 40, 0.3299487
0.08, 1.6453, 38.8909, 1.3235, -0.107538, 40, 0.3328562
0.08, 1.7906, 38.8763, 3.0758, -0.2854285, 40, 0.3372925
0.08, 1.9343, 38.8582, -2.2521, -0.2920905, 40, 0.3427663
0.075, 2.0478, 38.7777, -6.6994, -0.2711747, 40, 0.3677633
0.081, 2.1136, 38.7331, -6.8659, -0.2064259, 40, 0.3806206
0.076, 2.1256, 38.7376, -6.343, -0.1430097, 40, 0.3786608
0.076, 2.0999, 38.7685, -4.7243, -0.09285453, 40, 0.3690434
0.08, 1.9996, 38.8331, -3.1389, 0.0028915, 40, 0.3492625
0.068, 1.9092, 38.8661, -1.885, 0.01573035, 40, 0.3396847
0.08, 1.7664, 38.884, 0.5086, 0.068946, 40, 0.3345762
0.076, 1.6075, 38.892, 0.8296, 0.1084474, 40, 0.3322947
0.08, 1.4848, 38.8889, 2.16, 0.0612195, 40, 0.3333688
0.08, 1.4687, 38.8742, 3.1475, -0.0683995, 40, 0.3379237
0.085, 1.6054, 38.873, 1.9668, -0.2539311, 40, 0.3381141
0.079, 1.7443, 38.8702, -1.2737, -0.2769643, 40, 0.3389754
0.072, 1.8618, 38.8047, -5.9119, -0.2716386, 40, 0.3594997
0.088, 1.939, 38.758, -6.4878, -0.2023127, 40, 0.3731307
0.081, 1.9672, 38.7497, -6.3546, -0.1521505, 40, 0.3751925
0.084, 1.9465, 38.7845, -4.6215, -0.09264, 40, 0.3642357
0.091, 1.8811, 38.831, -3.3674, -0.04243523, 40, 0.350189
0.084, 1.7462, 38.8786, -1.8797, 0.05261133, 40, 0.3358533
0.096, 1.6233, 38.9027, -0.6245, 0.02806242, 40, 0.328939
0.092, 1.5622, 38.8989, 1.7516, -0.02864722, 40, 0.3303713
0.084, 1.5195, 38.8965, 1.1379, -0.04135333, 40, 0.3310786
0.084, 1.458, 38.8953, -0.2798, -0.01573, 40, 0.3314243
0.084, 1.4159, 38.8949, -0.5975, -0.03583733, 40, 0.3315348
0.08, 1.3395, 38.8954, 0.0431, 0.01322, 40, 0.3313737
0.095, 1.306, 38.8953, -0.4596, -0.04380211, 40, 0.3314111
0.077, 1.4357, 38.8939, 0.7668, -0.2512147, 40, 0.3318482
0.096, 1.5557, 38.8927, -0.6587, -0.215842, 40, 0.3322025
0.084, 1.653, 38.832, -5.844, -0.2126967, 40, 0.3511226
0.084, 1.7137, 38.8091, -4.9597, -0.1736387, 40, 0.3575426
0.08, 1.7327, 38.8125, -4.8811, -0.127237, 40, 0.3562075
0.1, 1.7007, 38.8344, -3.9046, -0.070682, 40, 0.349461
0.092, 1.6067, 38.8691, -2.7446, 0.003728435, 40, 0.3388928
0.081, 1.4952, 38.8915, -1.3307, 0.04518923, 40, 0.3322735
0.087, 1.3628, 38.8994, 0.5295, 0.06737223, 40, 0.3300892
0.085, 1.2211, 38.8962, 1.5661, 0.09010576, 40, 0.3311776
0.08, 1.0446, 38.8881, 2.1206, 0.1535365, 40, 0.3336712
0.084, 0.9162, 38.8813, 2.689, 0.094828, 40, 0.335691
0.079, 0.8819, 38.8632, 4.2747, -0.01036463, 40, 0.3412691
0.08, 0.9302, 38.8643, 2.807, -0.1149795, 40, 0.3406962
0.08, 0.9953, 38.8716, 0.1772, -0.1394655, 40, 0.3384287
0.079, 1.0624, 38.8626, -2.4382, -0.146982, 40, 0.3413339
0.088, 1.1197, 38.8543, -3.0503, -0.1309934, 40, 0.3438043
0.085, 1.1669, 38.853, -3.2382, -0.1244328, 40, 0.3441153
0.076, 1.1794, 38.8586, -2.8385, -0.08688242, 40, 0.3423463
0.12, 1.1652, 38.8743, -2.6745, -0.05831533, 40, 0.3375792
0.094, 1.1269, 38.8863, -1.7357, -0.02768421, 40, 0.3339823
0.09, 1.1186, 38.8968, -1.0216, -0.05807822, 40, 0.3308433
0.084, 1.159, 38.9006, -0.2558, -0.1166733, 40, 0.3297748
0.089, 1.1923, 38.9015, -1.0156, -0.1082054, 40, 0.3295399
0.084, 1.1984, 38.8946, -2.4805, -0.07902067, 40, 0.3317021
0.079, 1.1825, 38.8905, -2.2688, -0.05122595, 40, 0.3329019
0.088, 1.1462, 38.8918, -1.5392, -0.028347, 40, 0.3324452
0.088, 1.0768, 38.8954, -0.8443, 0.01267836, 40, 0.3313391
0.096, 0.9875, 38.8985, -0.2723, 0.03191042, 40, 0.3304177
0.093, 0.9086, 38.8973, 0.7533, 0.02862594, 40, 0.3308229
0.075, 0.8103, 38.8936, 1.2341, 0.07982733, 40, 0.3319693
0.072, 0.7541, 38.8925, 1.152, 0.03124844, 40, 0.3322653
0.088, 0.6884, 38.8864, 2.432, 0.03186191, 40, 0.3341493
0.084, 0.6343, 38.8872, 1.2175, 0.02505867, 40, 0.3338305
0.084, 0.5825, 38.8904, 1.2329, 0.02548333, 40, 0.3328419
0.092, 0.5906, 38.8934, 1.0628, -0.04406426, 40, 0.3319474
0.091, 0.6708, 38.8957, 1.0734, -0.1266172, 40, 0.3312647
0.081, 0.7642, 38.8949, -0.6653, -0.1588545, 40, 0.3315399
0.085, 0.8525, 38.8809, -2.7291, -0.1529547, 40, 0.3358947
0.071, 0.9244, 38.8649, -3.535, -0.1547063, 40, 0.3407554
0.076, 0.9737, 38.8594, -3.3875, -0.1219931, 40, 0.3422524
0.089, 0.9965, 38.8609, -3.4313, -0.08489562, 40, 0.3417131
0.087, 0.9867, 38.8729, -2.6135, -0.04816292, 40, 0.3379921
0.084, 0.9505, 38.8847, -1.6861, -0.01479667, 40, 0.3344495
0.1, 0.8939, 38.8934, -0.7677, 0.001834, 40, 0.331893
0.084, 0.8033, 38.8981, 0.0664, 0.057502, 40, 0.330514
0.096, 0.7209, 38.8988, 0.4822, 0.04086267, 40, 0.3303527
0.103, 0.6182, 38.8912, 1.8739, 0.06062256, 40, 0.3327138
0.085, 0.5245, 38.8884, 1.4579, 0.07656059, 40, 0.3335129
0.089, 0.4604, 38.8867, 1.9519, 0.04295802, 40, 0.3340091
0.088, 0.4016, 38.8848, 2.3503, 0.04138582, 40, 0.3345816
0.095, 0.373, 38.8875, 1.5103, 0.007123158, 40, 0.3337216
0.091, 0.3594, 38.8917, 1.471, -0.006917846, 40, 0.3324438
0.093, 0.3645, 38.8951, 0.6144, -0.02724419, 40, 0.3314334
0.092, 0.3855, 38.8975, 0.2634, -0.04549957, 40, 0.3307239
0.093, 0.6159, 38.8979, -0.2448, -0.2797411, 40, 0.3306257
0.095, 0.7566, 38.8963, -0.7012, -0.1905392, 40, 0.3311268
0.092, 0.7851, 38.7918, -6.5572, -0.0774647, 40, 0.3635959
0.084, 0.9121, 38.7825, -4.3271, -0.2028927, 40, 0.3653607
0.08, 0.9937, 38.8007, -1.5003, -0.159582, 40, 0.3595625
0.072, 1.0329, 38.8093, -4.636, -0.1153296, 40, 0.3570906
0.084, 1.0519, 38.835, -3.5532, -0.08528067, 40, 0.349194
0.084, 1.0268, 38.8697, -2.4469, -0.03232467, 40, 0.3386769
0.084, 0.9723, 38.8896, -1.6957, 0.005245333, 40, 0.3328831
0.076, 0.8943, 38.8988, -0.3718, 0.04692095, 40, 0.3302389
0.092, 0.8017, 38.8992, 0.5675, 0.05053713, 40, 0.3302357
0.081, 0.7034, 38.8928, 1.6094, 0.07672686, 40, 0.332239
0.084, 0.6066, 38.8873, 1.6998, 0.07653733, 40, 0.3338755
0.091, 0.4971, 38.8803, 2.3545, 0.08809708, 40, 0.3359869
0.093, 0.425, 38.8781, 2.3498, 0.05047634, 40, 0.3365937
0.079, 0.3608, 38.8772, 2.6388, 0.05799251, 40, 0.3368514
0.08, 0.3312, 38.8814, 1.6982, 0.016388, 40, 0.3355275
0.08, 0.3216, 38.8843, 1.8861, -0.007536, 40, 0.3346737
0.09, 0.3262, 38.8894, 0.846, -0.02458089, 40, 0.3331233
0.082, 0.3444, 38.8921, 0.2479, -0.04241522, 40, 0.3323371
0.072, 0.3712, 38.8929, -0.1782, -0.05874978, 40, 0.3321189
0.072, 0.4027, 38.8921, -0.624, -0.067037, 40, 0.3323811
0.092, 0.4343, 38.8903, -1.0324, -0.05971887, 40, 0.3329296
0.088, 0.4624, 38.8886, -1.2396, -0.05903718, 40, 0.3334393
0.08, 0.4894, 38.8884, -1.0566, -0.062439, 40, 0.3334825
0.076, 0.5002, 38.8888, -1.0396, -0.04393832, 40, 0.3333547
0.084, 0.5071, 38.8894, -1.1246, -0.038476, 40, 0.3331729
0.089, 0.5056, 38.8906, -0.6621, -0.02868431, 40, 0.3328065
0.083, 0.4932, 38.892, -0.5256, -0.01495104, 40, 0.3323831
0.076, 0.476, 38.8927, -0.2808, -0.006381053, 40, 0.3321808
0.088, 0.4543, 38.8929, 0.0626, -0.003092091, 40, 0.3321277
0.085, 0.4301, 38.8928, 0.2768, 0.002095176, 40, 0.3321612
0.088, 0.3989, 38.8925, 0.359, 0.01081145, 40, 0.3322534
0.083, 0.3749, 38.8922, 0.4887, 0.005843349, 40, 0.3323436
0.089, 0.3538, 38.8917, 0.7066, 0.002005708, 40, 0.3324956
0.095, 0.333, 38.8916, 0.5824, 0.001476842, 40, 0.3325211
0.08, 0.3212, 38.8918, 0.4865, -0.004817, 40, 0.3324575
0.101, 0.3139, 38.892, 0.4733, -0.01175083, 40, 0.332398
0.084, 0.311, 38.8923, 0.3159, -0.01527667, 40, 0.3323064
0.095, 0.3136, 38.8925, 0.1426, -0.02149811, 40, 0.3322479
0.08, 0.3189, 38.8925, 0.0544, -0.0256265, 40, 0.33225
0.081, 0.3259, 38.8925, -0.1011, -0.02802314, 40, 0.33225
0.087, 0.3355, 38.8924, -0.2043, -0.03094379, 40, 0.3322811
0.088, 0.3428, 38.8923, -0.2642, -0.02869755, 40, 0.3323111
0.092, 0.3488, 38.8922, -0.3373, -0.0273193, 40, 0.3323411
0.072, 0.3531, 38.8922, -0.2811, -0.02703878, 40, 0.33234
0.092, 0.3554, 38.8923, -0.2467, -0.023774, 40, 0.3323089
0.085, 0.3552, 38.8924, -0.2396, -0.02108141, 40, 0.3322788
0.083, 0.3526, 38.8924, -0.158, -0.01808612, 40, 0.33228
0.08, 0.3483, 38.8925, -0.0907, -0.0156305, 40, 0.3322488
0.085, 0.3409, 38.8926, -0.0158, -0.01192224, 40, 0.3322188
0.087, 0.334, 38.8926, 0.0456, -0.01226759, 40, 0.33222
0.09, 0.3269, 38.8925, 0.1383, -0.01188289, 40, 0.3322511
0.082, 0.3201, 38.8925, 0.1296, -0.01107917, 40, 0.33225
0.081, 0.3137, 38.8924, 0.1393, -0.01107879, 40, 0.3322812
0.088, 0.307, 38.8924, 0.1594, -0.01095864, 40, 0.33228
0.099, 0.3022, 38.8924, 0.1594, -0.01338048, 40, 0.33228
0.088, 0.2998, 38.8924, 0.1624, -0.01531527, 40, 0.33228
0.096, 0.2987, 38.8925, 0.1018, -0.01679908, 40, 0.332249
0.076, 0.3014, 38.8925, 0.0535, -0.02156558, 40, 0.33225
0.076, 0.3692, 38.8925, 0.0164, -0.1095783, 40, 0.33225
0.084, 0.6173, 38.8925, -0.1028, -0.326488, 40, 0.33225
0.092, 0.4059, 38.8837, -2.3031, 0.200833, 40, 0.3349857
0.08, 0.3043, 38.7695, -7.7259, 0.106202, 40, 0.3705775
0.084, 0.2844, 38.6875, 5.4572, 0.006152667, 40, 0.3947262
0.076, 0.2673, 38.6916, 3.0914, 0.006012, 40, 0.3924661
0.089, 0.2553, 38.7478, 0.5901, -0.002104517, 40, 0.3750285
0.068, 0.244, 38.8227, 0.5866, 0.001645294, 40, 0.3520885
0.084, 0.2396, 38.8582, 0.3837, -0.009242667, 40, 0.3421174
0.071, 0.237, 38.8827, 0.4775, -0.01063127, 40, 0.3348449
0.097, 0.2379, 38.8947, 0.2053, -0.01518328, 40, 0.3314663
0.095, 0.243, 38.8996, 0.1706, -0.01984105, 40, 0.3300684
0.076, 0.2499, 38.8997, 0.0568, -0.02389137, 40, 0.3300887
0.088, 0.2584, 38.8979, -0.0597, -0.02496991, 40, 0.3306505
0.096, 0.27, 38.8953, -0.161, -0.02804167, 40, 0.3314371
0.08, 0.2818, 38.7508, -0.1879, -0.031363, 40, 0.3765663
0.108, 0.2907, 38.8309, -0.2647, -0.02551793, 40, 0.3499883
0.076, 0.299, 38.9302, -0.3477, -0.02864263, 40, 0.3196334
0.081, 0.3036, 38.9482, -0.2016, -0.02378143, 40, 0.3153178
0.088, 0.3062, 38.9398, -0.2797, -0.02126745, 40, 0.3181555
0.087, 0.3074, 38.9254, -0.1582, -0.01979572, 40, 0.3225455
0.072, 0.3605, 38.914, -0.0954, -0.093905, 40, 0.3259583
0.077, 0.4488, 38.9067, -0.0586, -0.1393098, 40, 0.3280848
0.088, 0.5648, 38.8943, -1.9113, -0.1630698, 40, 0.3318509
0.091, 0.6858, 38.8756, -3.0464, -0.1714557, 40, 0.3375255
0.094, 0.7545, 38.8633, -3.6404, -0.1168934, 40, 0.3411409
0.102, 0.796, 38.8578, -3.8501, -0.08763255, 40, 0.3427139
0.08, 0.7885, 38.8697, -2.486, -0.0381225, 40, 0.3389412
0.08, 0.7514, 38.8826, -1.7545, 0.0003635, 40, 0.3350588
0.108, 0.6928, 38.8922, -0.5167, 0.01160607, 40, 0.3322511
0.086, 0.581, 38.8973, 0.4454, 0.09254, 40, 0.3307507
0.095, 0.5192, 38.8979, 0.7265, 0.03259958, 40, 0.3306237
0.092, 0.5034, 38.881, 2.7498, -0.01337357, 40, 0.3358837
0.095, 0.5852, 38.8802, 1.2513, -0.1194952, 40, 0.3359484
0.097, 0.6958, 38.8845, 0.102, -0.1534882, 40, 0.3346057
0.095, 0.7989, 38.8723, -2.551, -0.1542898, 40, 0.3384384
0.081, 0.8624, 38.8602, -3.4009, -0.1285712, 40, 0.3420894
0.08, 0.9024, 38.8562, -3.4209, -0.103144, 40, 0.34319
0.091, 0.9165, 38.8651, -2.7779, -0.07017462, 40, 0.3403722
0.081, 0.8997, 38.8766, -2.1423, -0.03365607, 40, 0.336878
0.083, 0.8608, 38.8875, -1.318, -0.00571788, 40, 0.3336187
0.089, 0.8046, 38.8947, -0.4051, 0.01360715, 40, 0.3315091
0.084, 0.7368, 38.8973, 0.2934, 0.034892, 40, 0.330779
0.079, 0.6982, 38.8966, 0.7765, 0.005991544, 40, 0.3310289
0.072, 0.7766, 38.8947, 1.3086, -0.1533071, 40, 0.3316164
0.092, 0.9087, 38.8944, 0.5861, -0.1952372, 40, 0.3316833
0.08, 1.0027, 38.869, -3.3963, -0.175312, 40, 0.3396175
0.084, 1.0698, 38.8406, -4.4446, -0.1424713, 40, 0.3481581
0.088, 1.1046, 38.8345, -3.9465, -0.1050305, 40, 0.3497193
0.084, 1.2738, 38.8452, -3.1255, -0.273828, 40, 0.3463126
0.093, 1.6137, 38.8675, -2.1894, -0.4549962, 40, 0.3395102
0.083, 1.8402, 38.835, -6.4094, -0.3778457, 40, 0.3498916
0.08, 1.9958, 38.7013, -10.9386, -0.310358, 40, 0.3912812
0.084, 2.0677, 38.6669, -9.0098, -0.2079453, 40, 0.4003395
0.084, 2.0439, 38.7179, -7.3226, -0.09486733, 40, 0.3840229
0.088, 1.9417, 38.794, -4.7623, -0.002688364, 40, 0.3609352
0.092, 1.8314, 38.8715, -1.9354, 0.007609478, 40, 0.3377076
0.076, 1.9518, 38.9013, 0.3691, -0.2723606, 40, 0.3292179
0.08, 2.0692, 38.91, 0.6266, -0.267967, 40, 0.3268913
0.088, 2.1458, 38.8408, -6.3727, -0.2140525, 40, 0.3485464
0.088, 2.1658, 38.7943, -6.2628, -0.1522207, 40, 0.3622384
0.1, 2.2508, 38.7969, -4.915, -0.218348, 40, 0.360904
0.104, 2.6231, 38.8338, -3.3692, -0.5082072, 40, 0.3495052
0.084, 3.0501, 38.8545, -5.0224, -0.6811727, 40, 0.3434036
0.104, 3.3079, 38.6866, -12.2688, -0.4414009, 40, 0.3956344
0.092, 3.4711, 38.3041, -16.593, -0.3821095, 40, 0.5129276
0.08, 3.4208, 38.3458, -10.5987, -0.1436305, 40, 0.4957388
0.096, 3.2569, 38.501, -9.1164, -0.02809942, 40, 0.4480833
0.085, 3.0979, 38.6861, -3.1544, -0.002556353, 40, 0.3919924
0.091, 3.1102, 38.8404, -0.2662, -0.1998582, 40, 0.3461844
0.096, 3.1003, 38.9064, 0.3724, -0.1759117, 40, 0.3273925
0.096, 2.9971, 38.8885, -4.5601, -0.074476, 40, 0.3336365
0.072, 2.8622, 38.8741, -3.9615, 0.01188189, 40, 0.33797
0.084, 2.6845, 38.8771, -1.4256, 0.04624667, 40, 0.3368343
0.082, 2.6196, 38.8814, 0.7334, -0.07961259, 40, 0.3355276
0.086, 2.6953, 38.8814, 1.5925, -0.2479808, 40, 0.33558
0.072, 2.7579, 38.8792, -1.554, -0.2506796, 40, 0.3362706
0.084, 2.7865, 38.8241, -5.7632, -0.2005567, 40, 0.353426
0.092, 2.768, 38.7909, -5.8307, -0.1463735, 40, 0.3630909
0.093, 2.6774, 38.8018, -4.5776, -0.06517303, 40, 0.3593428
0.091, 2.5547, 38.8332, -3.223, -0.02114354, 40, 0.3496949
0.093, 2.386, 38.8721, -1.193, 0.03460989, 40, 0.3379517
0.088, 2.4384, 38.8927, -0.0923, -0.2046585, 40, 0.3319559
0.079, 2.5606, 38.8978, 1.3016, -0.3052259, 40, 0.3305954
0.083, 2.6332, 38.8585, -4.6801, -0.2437125, 40, 0.3429235
0.089, 2.6586, 38.786, -7.1943, -0.1874845, 40, 0.3650146
0.072, 2.6302, 38.7739, -5.6565, -0.1191564, 40, 0.3679981
0.088, 2.5518, 38.8015, -4.2508, -0.06579891, 40, 0.3592364
0.088, 2.4297, 38.8421, -2.5426, -0.009807, 40, 0.3469086
0.08, 2.2799, 38.8761, -1.2086, 0.046711, 40, 0.336745
0.084, 2.1129, 38.8988, 0.1912, 0.06805933, 40, 0.3300898
0.08, 1.9701, 38.9013, 1.6041, 0.056724, 40, 0.3295788
0.092, 1.8263, 38.8956, 2.1378, 0.04360026, 40, 0.331382
0.084, 1.6534, 38.8914, 1.8544, 0.1025127, 40, 0.33263
0.076, 1.5238, 38.8913, 1.5263, 0.07568779, 40, 0.3326113
0.079, 1.436, 38.886, 2.9992, 0.02275646, 40, 0.3342671
0.069, 1.3347, 38.8852, 2.3285, 0.06379336, 40, 0.3344516
0.079, 1.322, 38.8886, 1.0052, -0.06356557, 40, 0.333377
0.081, 1.3557, 38.8897, 2.0312, -0.1221148, 40, 0.3330764
0.084, 1.4734, 38.8862, -1.1528, -0.2257207, 40, 0.3341817
0.084, 1.5882, 38.8742, -2.6165, -0.2292253, 40, 0.3378829
0.071, 1.6821, 38.8362, -5.2067, -0.2305345, 40, 0.3496752
0.084, 1.7423, 38.8154, -5.2943, -0.1747713, 40, 0.3556276
0.081, 1.7621, 38.8131, -5.327, -0.1296816, 40, 0.3560984
0.08, 1.7406, 38.8344, -3.933, -0.0780985, 40, 0.3494137
0.076, 1.6812, 38.862, -2.8057, -0.02427726, 40, 0.3410368
0.071, 1.5897, 38.8854, -1.5161, 0.03091377, 40, 0.3340504
0.081, 1.5051, 38.8954, -0.1706, 0.01204956, 40, 0.3312565
0.088, 1.3492, 38.8951, 1.2092, 0.09266391, 40, 0.3314734
0.076, 1.2172, 38.8952, 0.7376, 0.09717853, 40, 0.3314387
0.076, 1.089, 38.8844, 2.7529, 0.09997053, 40, 0.3348221
0.081, 1.0011, 38.8783, 2.8658, 0.04628215, 40, 0.3365853
0.083, 0.8769, 38.8738, 2.9356, 0.09403178, 40, 0.3379142
0.076, 0.8162, 38.8777, 1.5934, 0.02929905, 40, 0.3366387
0.083, 0.7418, 38.8809, 2.7871, 0.04333778, 40, 0.3356914
0.081, 0.7057, 38.8876, 1.1688, 0.001334543, 40, 0.3336373
0.08, 0.6908, 38.8914, 1.5198, -0.0231955, 40, 0.3325325
0.084, 0.6847, 38.8958, 0.4697, -0.03396533, 40, 0.3312076
0.08, 0.692, 38.8973, -0.1436, -0.0504625, 40, 0.3307912
0.084, 0.7055, 38.8973, -0.4128, -0.05808, 40, 0.33081
0.08, 0.7215, 38.8961, -0.8252, -0.06289, 40, 0.331185
0.084, 0.7398, 38.8948, -1.0157, -0.065738, 40, 0.3315755
0.08, 0.7549, 38.8938, -1.1359, -0.0637915, 40, 0.3318725
0.081, 0.7699, 38.8934, -1.2071, -0.06434215, 40, 0.3319849
0.079, 0.7767, 38.8936, -1.1585, -0.05503744, 40, 0.3319175
0.076, 0.7738, 38.8939, -1.1722, -0.04268853, 40, 0.3318261
0.084, 0.7607, 38.8948, -0.9396, -0.03035867, 40, 0.3315493
0.08, 0.7381, 38.8958, -0.6309, -0.016601, 40, 0.3312475
0.085, 0.699, 38.8969, -0.3226, 0.00314, 40, 0.3309171
0.071, 0.671, 38.8972, 0.0213, -0.001612113, 40, 0.3308358
0.073, 0.6316, 38.8966, 0.5148, 0.01499715, 40, 0.3310282
0.083, 0.5914, 38.8964, 0.396, 0.01198106, 40, 0.3310824
0.076, 0.553, 38.8956, 0.8113, 0.01633579, 40, 0.3313305
0.096, 0.5184, 38.8953, 0.7359, 0.004216833, 40, 0.3314131
0.076, 0.489, 38.8952, 0.8447, 0.008570526, 40, 0.3314413
0.072, 0.4651, 38.8956, 0.5418, 0.004624556, 40, 0.3313144
0.076, 0.4471, 38.896, 0.6506, -0.003615474, 40, 0.3311947
0.084, 0.4375, 38.8964, 0.5519, -0.01505, 40, 0.3310752
0.085, 0.4283, 38.8967, 0.3459, -0.01509094, 40, 0.3309865
0.075, 0.4257, 38.897, 0.0601, -0.02214467, 40, 0.330896
0.084, 0.3913, 38.8971, 0.0591, 0.01665533, 40, 0.3308688
0.08, 0.1974, 38.8971, -0.1173, 0.2256835, 40, 0.33087
0.076, -0.002, 38.896, 0.8527, 0.2572411, 40, 0.3312145
0.084, -0.1766, 38.8316, 6.0784, 0.214296, 40, 0.3512867
0.075, -0.3062, 38.7767, 6.8674, 0.187716, 40, 0.367722
0.077, -0.3853, 38.7723, 5.7937, 0.1237907, 40, 0.3683671
0.08, -0.4132, 38.7967, 5.1292, 0.0589695, 40, 0.360685
0.092, -0.5765, 38.836, 3.5311, 0.20854, 40, 0.3487728
0.08, -0.8187, 38.8709, 1.9106, 0.345817, 40, 0.3382938
0.088, -1.0144, 38.8628, 5.6498, 0.2788026, 40, 0.341252
0.076, -1.1657, 38.765, 9.0818, 0.2650394, 40, 0.3717868
0.088, -1.2155, 38.7496, 7.4064, 0.1283891, 40, 0.375295
0.088, -1.1884, 38.7668, 7.0623, 0.04112445, 40, 0.3697645
0.084, -1.0939, 38.8191, 3.6461, -0.044616, 40, 0.3536474
0.072, -0.9482, 38.8641, 1.4644, -0.1414219, 40, 0.340145
0.096, -0.9034, 38.885, -0.6791, 0.008470667, 40, 0.3342823
0.081, -1.2457, 38.8706, -3.0992, 0.4888827, 40, 0.3389978
0.075, -1.5126, 38.8692, 0.6481, 0.4395053, 40, 0.3392587
0.092, -1.685, 38.672, 12.6584, 0.2847435, 40, 0.4005435
0.084, -1.873, 38.4585, 11.424, 0.3317133, 40, 0.4649917
0.076, -2.0729, 38.4797, 7.5549, 0.3821398, 40, 0.4558111
0.091, -2.4704, 38.5746, 8.7292, 0.5763009, 40, 0.4265771
0.073, -2.8032, 38.6337, 9.9898, 0.6149646, 40, 0.4090804
0.079, -2.9772, 38.5529, 14.8439, 0.3944801, 40, 0.4351528
0.093, -3.0873, 38.4017, 15.8105, 0.3012574, 40, 0.4811158
0.088, -3.0207, 38.5054, 10.2983, 0.1070738, 40, 0.4472016
0.076, -2.8769, 38.663, 7.9678, -0.01281232, 40, 0.3990263
0.096, -2.8978, 38.8089, 3.1132, 0.1952034, 40, 0.3558102
0.076, -3.0131, 38.8968, 0.116, 0.3294623, 40, 0.3298034
0.085, -3.0384, 38.909, 5.3164, 0.2114734, 40, 0.3271565
0.102, -2.9588, 38.8136, 8.6729, 0.1010496, 40, 0.3568553
0.093, -2.8073, 38.8089, 5.7232, 0.008792839, 40, 0.3573805
0.069, -2.5319, 38.8471, 2.9626, -0.2392338, 40, 0.3453164
0.106, -2.2758, 38.8792, 0.6562, -0.1002237, 40, 0.3359372
0.079, -2.1465, 38.8175, -5.5445, -0.03160747, 40, 0.355531
0.079, -2.0334, 38.8197, -2.0693, -0.01829727, 40, 0.3540622
0.087, -1.9651, 38.8337, -0.3539, 0.04097037, 40, 0.3497291
0.088, -1.848, 38.8622, -0.0211, -0.01952682, 40, 0.3410161
0.084, -1.7475, 38.876, 1.4606, -0.0124, 40, 0.3370357
0.076, -1.6413, 38.8877, -0.0518, -0.03846411, 40, 0.3335361
0.084, -1.6304, 38.8946, 0.1263, 0.08510733, 40, 0.3315379
0.08, -1.6976, 38.8985, -0.5253, 0.184176, 40, 0.3304013
0.092, -1.7331, 38.8898, 2.564, 0.1418012, 40, 0.3331546
0.092, -1.7564, 38.8357, 5.0407, 0.1302036, 40, 0.349878
0.076, -1.7389, 38.8301, 3.9814, 0.08176821, 40, 0.3510437
0.104, -1.666, 38.8442, 3.6914, 0.03126577, 40, 0.3466044
0.076, -1.6094, 38.8714, 2.4805, 0.02357979, 40, 0.3382221
0.08, -1.5567, 38.8909, 1.218, 0.0288445, 40, 0.3324862
0.084, -1.5019, 38.8998, 1.0258, 0.02618067, 40, 0.329954
0.088, -1.384, 38.9056, 1.1574, -0.04825773, 40, 0.3282541
0.08, -1.2678, 38.9069, 1.0908, -0.066277, 40, 0.3279137
0.1, -1.1401, 38.9026, -0.7701, -0.05674, 40, 0.329263
0.092, -0.9438, 38.8949, -1.2206, -0.1524742, 40, 0.3316137
0.08, -0.8151, 38.8916, -0.9822, -0.1087515, 40, 0.3325613
0.076, -0.6984, 38.8765, -3.3755, -0.1085776, 40, 0.3372487
0.092, -0.5992, 38.8749, -2.2825, -0.06971757, 40, 0.3375474
0.084, -0.5182, 38.878, -2.2781, -0.063408, 40, 0.3365631
0.078, -0.4551, 38.8849, -1.3066, -0.05197349, 40, 0.3344415
0.086, -0.4145, 38.8911, -1.1489, -0.02139512, 40, 0.3325979
0.09, -0.3932, 38.8955, -0.863, 0.0003986667, 40, 0.3313011
0.098, -0.3817, 38.898, -0.0985, 0.011402, 40, 0.3305745
0.079, -0.3798, 38.8979, 0.4463, 0.02043104, 40, 0.3306313
0.081, -0.3807, 38.8968, 0.7214, 0.02393089, 40, 0.3309736
0.076, -0.3801, 38.8955, 0.9471, 0.02203232, 40, 0.3313671
0.08, -0.3753, 38.8946, 1.0346, 0.016638, 40, 0.3316313
0.078, -0.3647, 38.8944, 0.9871, 0.008564051, 40, 0.3316826
0.074, -0.3524, 38.8946, 0.8523, 0.004854811, 40, 0.3316173
0.089, -0.3301, 38.8954, 0.6504, -0.004749056, 40, 0.331371
0.084, -0.2931, 38.8963, 0.5577, -0.02558067, 40, 0.3310993
0.087, -0.24, 38.8969, 0.3176, -0.04541379, 40, 0.3309231
0.08, -0.1151, 38.8969, -0.2032, -0.1460965, 40, 0.33093
0.084, 0.0063, 38.896, -0.699, -0.1420113, 40, 0.3312107
0.092, 0.117, 38.8789, -3.2161, -0.1249396, 40, 0.3365159
0.08, 0.228, 38.8672, -3.114, -0.149655, 40, 0.3399863
0.084, 0.2916, 38.868, -2.6872, -0.091696, 40, 0.3395905
0.08, 0.329, 38.8692, -3.305, -0.065555, 40, 0.339225
0.08, 0.3408, 38.8785, -1.8561, -0.034903, 40, 0.3363337
0.072, 0.3311, 38.8878, -1.2025, -0.006663222, 40, 0.3335308
0.077, 0.3043, 38.8943, -0.4362, 0.01585109, 40, 0.3316256
0.087, 0.2658, 38.8968, 0.2698, 0.02741982, 40, 0.3309313
0.08, 0.2215, 38.8962, 0.8326, 0.0409775, 40, 0.3311475
0.096, 0.1761, 38.8945, 1.1218, 0.03577983, 40, 0.3316677
0.084, 0.1249, 38.8919, 1.4608, 0.05223933, 40, 0.332461
0.089, 0.0919, 38.8914, 1.3308, 0.03082308, 40, 0.3325856
0.091, 0.0692, 38.8906, 1.7423, 0.02029415, 40, 0.3328288
0.08, 0.0569, 38.8924, 1.2069, 0.0116535, 40, 0.3322575
0.089, 0.0597, 38.8943, 0.9437, -0.006665146, 40, 0.3316887
0.087, 0.1608, 38.8963, 0.7277, -0.1235308, 40, 0.331087
0.08, 0.2852, 38.8973, 0.2697, -0.169502, 40, 0.3307975
0.072, 0.5276, 38.8827, -2.6519, -0.3615893, 40, 0.3353928
0.092, 0.6989, 38.8657, -3.8012, -0.2244057, 40, 0.3404748
0.088, 0.9273, 38.7383, -8.6034, -0.3099925, 40, 0.3799577
0.081, 1.0746, 38.7382, -5.1738, -0.2426908, 40, 0.3785412
0.099, 1.1208, 38.7378, -7.3135, -0.1129813, 40, 0.378664
0.08, 1.1225, 38.7877, -5.6309, -0.0694325, 40, 0.3630662
0.081, 1.0454, 38.8535, -2.3882, 0.03055748, 40, 0.3431377
0.091, 1.0649, 38.8839, -1.2995, -0.084894, 40, 0.3344959
0.084, 1.249, 38.8921, 1.2003, -0.2897233, 40, 0.3322724
0.08, 1.3827, 38.8947, -1.686, -0.2467445, 40, 0.3315575
0.096, 1.4747, 38.8227, -6.8068, -0.1823987, 40, 0.35394
0.084, 1.5144, 38.7895, -5.7323, -0.1371807, 40, 0.3635452
0.088, 1.4889, 38.8061, -4.1236, -0.06093627, 40, 0.3579814
0.084, 1.4186, 38.8387, -2.9932, -0.003099333, 40, 0.3480019
0.084, 1.2817, 38.8773, -1.0871, 0.08281467, 40, 0.3363505
0.088, 1.1458, 38.8954, 0.3588, 0.08259518, 40, 0.3311743
0.088, 0.9671, 38.8865, 2.5067, 0.1409808, 40, 0.3341511
0.08, 0.8325, 38.8797, 2.5012, 0.114935, 40, 0.336175
0.08, 1.0102, 38.8637, 3.9609, -0.2782945, 40, 0.34109
0.092, 1.5379, 38.8606, 3.3097, -0.6543892, 40, 0.3418537
0.084, 2.1058, 38.7502, -6.521, -0.788898, 40, 0.3762543
0.08, 2.7381, 38.3624, -15.9234, -0.9388535, 40, 0.4961275
0.096, 3.1388, 38.0461, -19.2861, -0.5973759, 40, 0.5894648
0.076, 3.4119, 37.7828, -23.035, -0.5568693, 40, 0.6686245
0.08, 3.5472, 37.931, -14.4981, -0.3785745, 40, 0.6188475
0.085, 3.5447, 38.2049, -13.4854, -0.2097996, 40, 0.5353076
0.083, 3.4137, 38.5256, -9.028, -0.0501473, 40, 0.4384561
0.08, 3.1039, 38.8329, -4.8087, 0.193271, 40, 0.3462887
0.08, 2.7862, 38.9677, -0.8174, 0.2220105, 40, 0.308005
0.072, 2.521, 38.9379, 5.2681, 0.2097067, 40, 0.3190439
0.085, 2.0751, 38.8353, 5.9866, 0.3895905, 40, 0.3506171
0.095, 1.6547, 38.7814, 5.679, 0.3343938, 40, 0.3661474
0.08, 1.5935, 38.6814, 10.1761, -0.02064, 40, 0.39683
0.08, 1.8122, 38.6661, 8.7962, -0.3766395, 40, 0.4003612
0.096, 2.4591, 38.715, -0.0797, -0.8079231, 40, 0.3849906
0.08, 2.9774, 38.5919, -8.9797, -0.8135615, 40, 0.4239687
0.075, 3.4474, 38.2527, -19.7617, -0.8209773, 40, 0.5287127
0.097, 3.8375, 37.9271, -19.9027, -0.6243716, 40, 0.6252267
0.088, 4.156, 37.7235, -20.0881, -0.6040532, 40, 0.6852636
0.076, 4.2551, 37.8922, -15.173, -0.3830928, 40, 0.6301203
0.072, 4.2116, 38.1636, -14.665, -0.1934877, 40, 0.5471506
0.079, 4.0359, 38.5131, -9.141, -0.02419704, 40, 0.4416459
0.073, 3.8341, 38.7159, -4.4009, 0.04086359, 40, 0.3824519
0.076, 3.5026, 38.8456, -0.1686, 0.2173045, 40, 0.3446134
0.084, 3.1248, 38.8909, 1.4579, 0.2532787, 40, 0.3321907
0.084, 2.7337, 38.834, 5.8689, 0.2922613, 40, 0.3504774
0.092, 2.3579, 38.7737, 6.7683, 0.2588347, 40, 0.3685454
0.075, 1.991, 38.7242, 7.7429, 0.359956, 40, 0.3834
0.085, 1.9449, 38.7299, 6.9072, -0.06354341, 40, 0.3809629
0.092, 2.0587, 38.7079, 9.4352, -0.2447437, 40, 0.3878691
0.072, 2.2038, 38.7174, -1.1523, -0.3297252, 40, 0.3846481
0.084, 2.3528, 38.6687, -5.6823, -0.3150013, 40, 0.3999698
0.088, 2.4766, 38.6124, -7.8068, -0.2864642, 40, 0.4169198
0.084, 2.5709, 38.624, -7.4387, -0.2642707, 40, 0.4126619
0.075, 2.588, 38.6799, -6.7253, -0.177624, 40, 0.3952847
0.085, 2.5486, 38.7489, -6.1704, -0.1074901, 40, 0.3745182
0.08, 2.5361, 38.82, -4.0043, -0.1368535, 40, 0.3531112
0.088, 2.6452, 38.8693, -2.2509, -0.2802097, 40, 0.3386498
0.091, 2.7768, 38.8979, -2.985, -0.3083311, 40, 0.3303157
0.073, 2.8639, 38.8611, -6.5689, -0.2887628, 40, 0.3421741
0.072, 2.8667, 38.8337, -7.2719, -0.1758131, 40, 0.3502706
0.092, 2.8094, 38.8224, -6.7827, -0.107527, 40, 0.3534028
0.076, 2.6898, 38.8489, -3.959, -0.007166947, 40, 0.3449813
0.096, 2.4706, 38.8875, -2.2518, 0.07553067, 40, 0.3333479
0.088, 2.2562, 38.9017, 0.2572, 0.1033916, 40, 0.3293286
0.092, 1.9689, 38.8894, 2.3246, 0.187903, 40, 0.3333137
0.08, 1.7393, 38.8764, 3.0211, 0.176902, 40, 0.3372425
0.08, 1.5272, 38.8443, 5.1339, 0.1681905, 40, 0.3471113
0.076, 1.3441, 38.8312, 4.8589, 0.1554566, 40, 0.3508124
0.084, 1.2035, 38.8337, 4.6411, 0.09182333, 40, 0.3498602
0.1, 1.2536, 38.8456, 4.3227, -0.124314, 40, 0.346201
0.076, 1.5656, 38.8702, 2.7319, -0.4962518, 40, 0.3386163
0.076, 1.8476, 38.8547, -2.6715, -0.4744876, 40, 0.3437939
0.084, 2.1021, 38.6191, -11.97, -0.4230427, 40, 0.4170748
0.079, 2.2927, 38.4689, -11.4259, -0.3740025, 40, 0.4612313
0.089, 2.4074, 38.4647, -10.1397, -0.2707429, 40, 0.4606372
0.08, 2.4416, 38.5547, -8.9137, -0.188391, 40, 0.432465
0.096, 2.3762, 38.7208, -6.3322, -0.0758095, 40, 0.3820298
0.076, 2.2461, 38.8382, -4.2734, 0.03299453, 40, 0.3469953
0.1, 2.0623, 38.9064, -1.4589, 0.056386, 40, 0.327398
0.08, 1.7881, 38.9218, 1.2612, 0.228609, 40, 0.3232675
0.072, 1.5511, 38.9154, 1.846, 0.2295173, 40, 0.3254689
0.089, 1.324, 38.8436, 6.1516, 0.1706252, 40, 0.3477267
0.091, 1.1269, 38.798, 6.1743, 0.1446475, 40, 0.3611011
0.076, 0.9913, 38.7989, 4.702, 0.1153746, 40, 0.3603182
0.076, 1.0497, 38.8218, 4.0525, -0.1382873, 40, 0.3531587
0.081, 1.2545, 38.8503, 3.3207, -0.3230527, 40, 0.3445581
0.099, 1.5291, 38.8314, -3.0209, -0.3635723, 40, 0.3507709
0.08, 1.7267, 38.7369, -7.64, -0.345662, 40, 0.3801113
0.092, 1.9056, 38.6515, -8.653, -0.3049034, 40, 0.4054783
0.088, 1.9794, 38.6489, -8.2052, -0.2009504, 40, 0.4053595
0.096, 1.9774, 38.7134, -7.1863, -0.1166023, 40, 0.3853081
0.076, 1.9041, 38.7936, -4.5874, -0.01972758, 40, 0.3608647
0.096, 1.7785, 38.8585, -2.4787, 0.02150667, 40, 0.341774
0.1, 1.5709, 38.8994, -0.0569, 0.109194, 40, 0.329771
0.08, 1.3297, 38.9126, 0.974, 0.215688, 40, 0.326055
0.084, 1.131, 38.8956, 3.1662, 0.1639567, 40, 0.3315224
0.096, 0.9571, 38.8427, 5.8285, 0.1200969, 40, 0.347741
0.088, 0.9392, 38.8246, 4.5353, -0.03641791, 40, 0.3528257
0.09, 1.0192, 38.8355, 3.4388, -0.1482631, 40, 0.3492289
0.11, 1.1722, 38.8561, -0.4741, -0.2066411, 40, 0.3429827
0.086, 1.2754, 38.8465, -3.2702, -0.194124, 40, 0.3461616
0.092, 1.3773, 38.8197, -4.7297, -0.1911837, 40, 0.3543813
0.096, 1.4336, 38.818, -4.4168, -0.1434889, 40, 0.3546177
0.096, 1.4466, 38.8291, -4.3433, -0.1000668, 40, 0.3511544
0.08, 1.5429, 38.8516, -3.1509, -0.2105415, 40, 0.3442388
0.093, 1.6446, 38.8742, -2.0653, -0.2058437, 40, 0.337497
0.099, 1.7172, 38.8704, -4.8272, -0.1748987, 40, 0.3389184
0.08, 1.7178, 38.8655, -4.7098, -0.103803, 40, 0.3404113
0.104, 1.666, 38.8709, -3.9361, -0.05114846, 40, 0.3386781
0.083, 1.5454, 38.8859, -2.1587, 0.04967118, 40, 0.3340493
0.081, 1.4584, 38.8962, -0.8424, 0.01775526, 40, 0.3310128
0.076, 1.402, 38.8907, 1.6781, -0.01139368, 40, 0.3328624
0.083, 1.3376, 38.8903, 0.8802, -0.004217446, 40, 0.3329148
0.089, 1.2661, 38.8924, 0.1515, 0.002764337, 40, 0.3322564
0.091, 1.1698, 38.8958, 0.3309, 0.03351969, 40, 0.3312226
0.086, 1.0704, 38.8985, 0.5054, 0.04904577, 40, 0.3304186
0.096, 1.0633, 38.8979, 1.2743, -0.05655008, 40, 0.3306363
0.087, 1.1358, 38.8935, 1.6625, -0.1498147, 40, 0.3320006
0.098, 1.1982, 38.8893, -0.9774, -0.134292, 40, 0.3332529
0.097, 1.2597, 38.8645, -3.309, -0.137716, 40, 0.3409057
0.105, 1.2907, 38.8573, -2.921, -0.1063753, 40, 0.3428786
0.091, 1.2852, 38.8613, -3.0066, -0.07118892, 40, 0.341566
0.088, 1.2413, 38.8752, -2.2231, -0.02558936, 40, 0.337282
0.102, 1.1814, 38.8875, -1.3434, -0.01333302, 40, 0.3336294
0.083, 1.0842, 38.8971, -0.2034, 0.04971427, 40, 0.3307543
0.088, 1.0154, 38.9012, 0.103, 0.01569418, 40, 0.3295934
0.092, 1.0212, 38.8939, 1.6792, -0.06745026, 40, 0.3319093
0.076, 1.0329, 38.8924, 0.8287, -0.07706084, 40, 0.3322997
0.076, 1.0411, 38.8878, -1.2499, -0.07303968, 40, 0.3337205
0.113, 1.0406, 38.885, -1.4902, -0.06200237, 40, 0.3345248
0.087, 1.0199, 38.8861, -1.3897, -0.03787676, 40, 0.3341574
0.093, 1.0157, 38.889, -1.1137, -0.05651619, 40, 0.3332688
0.095, 1.0946, 38.8933, -0.5106, -0.1470676, 40, 0.3319647
0.085, 1.1527, 38.8955, -0.9766, -0.1361479, 40, 0.3313241
0.091, 1.1991, 38.8815, -3.2404, -0.1219152, 40, 0.3357038
0.105, 1.2064, 38.8759, -2.9674, -0.07919733, 40, 0.3372833
0.091, 1.1825, 38.8772, -2.6115, -0.04521154, 40, 0.3368257
0.1, 1.1193, 38.8866, -1.5436, -0.005222, 40, 0.333926
0.072, 1.0469, 38.8932, -0.694, 0.03573044, 40, 0.3319483
0.093, 0.939, 38.8968, 0.3058, 0.05736108, 40, 0.3309213
0.09, 0.8474, 38.8947, 1.3296, 0.04889822, 40, 0.3316133
0.092, 0.7593, 38.89, 1.8704, 0.04828765, 40, 0.3330511
0.077, 0.722, 38.8879, 1.6588, 0.004152727, 40, 0.3336573
0.104, 0.738, 38.8881, 1.6435, -0.05935692, 40, 0.3335681
0.095, 0.7801, 38.8924, 0.5402, -0.09023547, 40, 0.3322347
0.092, 0.8133, 38.8914, -1.0476, -0.08416322, 40, 0.3325909
0.092, 0.8479, 38.8864, -1.8196, -0.08773052, 40, 0.3341343
0.093, 0.8652, 38.8848, -1.6677, -0.07014211, 40, 0.3345772
0.091, 0.9274, 38.8854, -1.7569, -0.1226286, 40, 0.3343734
0.077, 0.9995, 38.8881, -1.3172, -0.1517336, 40, 0.3335349
0.072, 1.0537, 38.8852, -2.6294, -0.1369942, 40, 0.3344803
0.075, 1.0784, 38.8797, -3.357, -0.09697867, 40, 0.3361633
0.104, 1.0852, 38.8783, -2.9885, -0.07151969, 40, 0.3365235
0.097, 1.0514, 38.8854, -1.9881, -0.02893555, 40, 0.3343068
0.099, 0.9821, 38.8944, -1.3517, 0.009674, 40, 0.3315891
0.085, 0.8866, 38.8998, -0.2871, 0.05690988, 40, 0.3299965
0.091, 0.7995, 38.8993, 0.6782, 0.04583, 40, 0.3302155
0.102, 0.7123, 38.8921, 1.8591, 0.04104239, 40, 0.3324406
0.075, 0.6108, 38.8879, 1.5821, 0.09597867, 40, 0.333686
0.104, 0.5219, 38.8878, 1.4624, 0.05245715, 40, 0.333661
0.088, 0.4564, 38.8815, 2.8358, 0.04555918, 40, 0.3356216
0.084, 0.4271, 38.8836, 1.7478, 0.008557333, 40, 0.334895
0.092, 0.4558, 38.8877, 1.5753, -0.05791974, 40, 0.3336454
0.088, 0.537, 38.8923, 0.6503, -0.1226473, 40, 0.3322577
0.084, 0.6477, 38.8914, -1.0117, -0.168012, 40, 0.3325907
0.107, 0.7315, 38.8806, -2.6299, -0.1206414, 40, 0.3359209
0.09, 0.8231, 38.8576, -3.764, -0.1491282, 40, 0.3429756
0.083, 0.8552, 38.8594, -2.5797, -0.0892132, 40, 0.3421583
0.171, 0.8567, 38.8757, -1.794, -0.05226165, 40, 0.3371947
0.081, 0.8756, 38.8901, -1.794, -0.07540267, 40, 0.3327922
0.096, 0.8722, 38.8983, -0.8702, -0.04886117, 40, 0.3304246
0.084, 0.8411, 38.9015, -1.4487, -0.01418267, 40, 0.3295119
0.088, 0.7969, 38.9023, -0.7852, 0.001408727, 40, 0.3293009
0.105, 0.7411, 38.901, 0.0818, 0.007614, 40, 0.3297124
0.088, 0.6458, 38.8977, 0.4716, 0.06738155, 40, 0.3307275
0.088, 0.5791, 38.8958, 0.6267, 0.03953355, 40, 0.3312816
0.101, 0.5175, 38.8891, 2.1209, 0.0287203, 40, 0.3333363
0.097, 0.442, 38.8877, 1.4247, 0.04975835, 40, 0.3337044
0.089, 0.404, 38.8893, 1.1543, 0.0176027, 40, 0.333192
0.1, 0.3864, 38.8906, 1.6803, -0.005936, 40, 0.332807
0.08, 0.4352, 38.8938, 0.8764, -0.085892, 40, 0.33182
0.093, 0.4889, 38.8959, 0.2879, -0.0859211, 40, 0.3312074
0.103, 0.5568, 38.8889, -1.711, -0.09801188, 40, 0.333398
0.097, 0.6147, 38.8849, -1.7117, -0.09537891, 40, 0.3345712
0.098, 0.649, 38.8833, -2.014, -0.07324, 40, 0.3350263
0.088, 0.6717, 38.8847, -1.9481, -0.06558155, 40, 0.3345741
0.106, 0.6732, 38.8884, -1.3947, -0.04177879, 40, 0.3334451
0.09, 0.6488, 38.8939, -1.2032, -0.01235911, 40, 0.3317689
0.084, 0.6166, 38.897, -0.6081, 0.0005706667, 40, 0.3308631
0.081, 0.5943, 38.8979, 0.1274, -0.008677753, 40, 0.3306189
0.085, 0.6667, 38.8973, 0.4506, -0.1234749, 40, 0.3308171
0.099, 0.737, 38.897, 0.2194, -0.1138099, 40, 0.330903
0.084, 0.8084, 38.8814, -2.6505, -0.131804, 40, 0.3357657
0.083, 0.8449, 38.8757, -2.4089, -0.09379039, 40, 0.3373587
0.084, 0.8593, 38.8725, -2.8588, -0.068358, 40, 0.3382881
0.097, 0.8464, 38.8792, -1.9084, -0.03775101, 40, 0.3361709
0.086, 0.7909, 38.8868, -1.2726, 0.01579019, 40, 0.3338716
0.114, 0.6806, 38.8944, -0.5074, 0.0539833, 40, 0.3316133
0.078, 0.5572, 38.8957, 0.8311, 0.121609, 40, 0.3312733
0.086, 0.4588, 38.8915, 1.7859, 0.08460223, 40, 0.3325988
0.092, 0.3726, 38.8751, 3.4766, 0.06946574, 40, 0.3376483
0.088, 0.29, 38.8717, 2.5514, 0.07458636, 40, 0.3385286
0.092, 0.245, 38.8759, 2.173, 0.03323478, 40, 0.3371843
0.084, 0.2179, 38.8828, 2.301, 0.01854267, 40, 0.3350779
0.08, 0.2323, 38.89, 1.2672, -0.031578, 40, 0.33291
0.083, 0.3052, 38.8952, 0.8999, -0.1043867, 40, 0.3313773
0.093, 0.4152, 38.8965, -0.3531, -0.140826, 40, 0.331036
0.088, 0.5523, 38.8854, -2.1733, -0.1858175, 40, 0.3345061
0.086, 0.6498, 38.873, -3.0843, -0.1500927, 40, 0.3382442
0.094, 0.7252, 38.8564, -4.2091, -0.1221205, 40, 0.3432566
0.088, 0.7815, 38.8577, -3.316, -0.1095877, 40, 0.3426752
0.097, 0.7953, 38.8706, -2.6167, -0.06166027, 40, 0.338687
0.104, 0.7762, 38.8821, -2.3034, -0.02857392, 40, 0.3352594
0.091, 0.7048, 38.8962, -1.1052, 0.03460431, 40, 0.3309851
0.095, 0.6354, 38.9015, -0.278, 0.03346758, 40, 0.3294942
0.096, 0.5187, 38.896, 1.3014, 0.08800925, 40, 0.3312573
0.076, 0.441, 38.8929, 1.273, 0.07373211, 40, 0.3321708
0.102, 0.3718, 38.8843, 2.6366, 0.04417827, 40, 0.3347943
0.119, 0.3217, 38.8807, 2.2796, 0.02195682, 40, 0.3358203
0.092, 0.3661, 38.8847, 1.5408, -0.06926165, 40, 0.3345465
0.12, 0.4379, 38.8911, 0.9853, -0.08491067, 40, 0.3326167
0.092, 0.5189, 38.8887, -1.2952, -0.1174166, 40, 0.3334161
0.108, 0.5949, 38.8854, -1.6864, -0.104657, 40, 0.3344106
0.088, 0.6542, 38.8794, -2.4991, -0.1052906, 40, 0.3362482
0.085, 0.689, 38.8799, -2.1801, -0.08146235, 40, 0.3360241
0.099, 0.6966, 38.8824, -2.1959, -0.04931923, 40, 0.3352547
0.088, 0.6803, 38.8887, -1.6002, -0.02266573, 40, 0.3333184
0.093, 0.6493, 38.8937, -0.7966, -0.006291333, 40, 0.3318362
0.107, 0.5819, 38.8977, -0.1303, 0.02681684, 40, 0.3306526
0.081, 0.5277, 38.8986, 0.279, 0.03391331, 40, 0.3304089
0.098, 0.4719, 38.8963, 1.1068, 0.027486, 40, 0.3311335
0.101, 0.4134, 38.8933, 1.2842, 0.03195838, 40, 0.3320397
0.092, 0.4196, 38.8924, 1.1235, -0.03178035, 40, 0.3322898
0.088, 0.4605, 38.8926, 1.2353, -0.07317773, 40, 0.3322177
0.104, 0.5098, 38.8929, -0.3582, -0.07704377, 40, 0.3321271
0.088, 0.5561, 38.8895, -1.3931, -0.08492736, 40, 0.3331886
0.104, 0.5854, 38.888, -1.4898, -0.06273362, 40, 0.3336144
0.084, 0.6075, 38.8875, -1.6869, -0.06223333, 40, 0.333756
0.088, 0.6119, 38.8904, -1.132, -0.041614, 40, 0.332847
0.093, 0.6028, 38.8929, -1.1195, -0.02657875, 40, 0.3321031
0.103, 0.5769, 38.8957, -0.604, -0.009971282, 40, 0.3312628
0.081, 0.5385, 38.8975, -0.2281, 0.01414926, 40, 0.3307278
0.095, 0.5017, 38.8978, 0.1871, 0.007860105, 40, 0.3306568
0.096, 0.4643, 38.8966, 0.7901, 0.01032117, 40, 0.3310325
0.087, 0.4652, 38.8957, 0.6328, -0.02892579, 40, 0.3313003
0.099, 0.501, 38.8954, 0.6944, -0.06549838, 40, 0.331383
0.09, 0.5474, 38.8952, -0.2868, -0.08336844, 40, 0.3314422
0.104, 0.5881, 38.8925, -1.2011, -0.07363792, 40, 0.332276
0.085, 0.6151, 38.8891, -1.6479, -0.06803541, 40, 0.33331
0.112, 0.6245, 38.8891, -1.4046, -0.045695, 40, 0.33327
0.08, 0.615, 38.891, -1.2646, -0.0252625, 40, 0.3326763
0.086, 0.5946, 38.8936, -0.706, -0.01242949, 40, 0.3318898
0.093, 0.5657, 38.8956, -0.1952, -0.003488237, 40, 0.3312985
0.093, 0.5216, 38.8968, 0.1256, 0.01517497, 40, 0.3309471
0.086, 0.4827, 38.897, 0.3491, 0.01536591, 40, 0.3308977
0.109, 0.4348, 38.8959, 0.8157, 0.01697806, 40, 0.3312401
0.088, 0.3963, 38.8952, 0.8205, 0.019097, 40, 0.331448
0.096, 0.4168, 38.895, 0.8608, -0.04593508, 40, 0.3315021
0.1, 0.4737, 38.8951, 0.9138, -0.084184, 40, 0.331469
0.095, 0.5354, 38.8936, -0.712, -0.09577242, 40, 0.3319358
0.109, 0.5898, 38.8885, -1.6683, -0.08429809, 40, 0.3334968
0.113, 0.6279, 38.8845, -1.958, -0.07071648, 40, 0.3346854
0.087, 0.6451, 38.8855, -1.6711, -0.05808071, 40, 0.3343385
0.103, 0.6407, 38.8895, -1.3316, -0.03425559, 40, 0.3331112
0.098, 0.6157, 38.8939, -1.0157, -0.011942, 40, 0.3317851
0.096, 0.5736, 38.8972, -0.4201, 0.008561083, 40, 0.3308056
0.103, 0.5084, 38.8985, 0.1378, 0.03153095, 40, 0.3304374
0.084, 0.4611, 38.8977, 0.6504, 0.02751733, 40, 0.3306995
0.089, 0.4159, 38.8952, 1.2246, 0.02481679, 40, 0.3314681
0.08, 0.3757, 38.8938, 1.1243, 0.026703, 40, 0.3318775
0.119, 0.3546, 38.8935, 1.0568, -0.003899529, 40, 0.3319525
0.092, 0.4371, 38.894, 1.1039, -0.1141064, 40, 0.3317946
0.088, 0.5575, 38.8953, 0.3388, -0.1675318, 40, 0.3313952
0.097, 0.6733, 38.8812, -2.4163, -0.1573918, 40, 0.3357854
0.085, 0.7471, 38.862, -3.752, -0.1299131, 40, 0.3416259
0.114, 0.8111, 38.8539, -3.4985, -0.1036835, 40, 0.3439011
0.085, 0.8198, 38.8608, -2.8115, -0.05921859, 40, 0.3416788
0.108, 0.794, 38.8765, -2.1558, -0.02422889, 40, 0.3369046
0.083, 0.7334, 38.8916, -1.0441, 0.02754781, 40, 0.3323381
0.096, 0.6663, 38.8986, -0.1694, 0.02851992, 40, 0.3303471
0.134, 0.5528, 38.8966, 1.125, 0.04983946, 40, 0.3310349
0.098, 0.4482, 38.8938, 1.1493, 0.077708, 40, 0.3318886
0.091, 0.4136, 38.8905, 1.6823, 0.01244554, 40, 0.3328863
0.086, 0.4052, 38.8862, 2.379, -0.01473991, 40, 0.33419
0.079, 0.4087, 38.8881, 0.7475, -0.02886377, 40, 0.3335459
0.077, 0.4198, 38.8907, 0.0678, -0.03931527, 40, 0.3327562
0.079, 0.4355, 38.8929, -0.2853, -0.04560595, 40, 0.3321022
0.091, 0.453, 38.894, -0.5465, -0.04602615, 40, 0.3317879
0.096, 0.4697, 38.8946, -0.7038, -0.04522992, 40, 0.3316138
0.141, 0.4898, 38.8952, -0.7143, -0.04335821, 40, 0.3314357
0.088, 0.5007, 38.896, -0.6944, -0.04218064, 40, 0.3311909
0.084, 0.4995, 38.8964, -0.6476, -0.02857, 40, 0.3310752
0.088, 0.5227, 38.8967, -0.6182, -0.05719836, 40, 0.3309866
0.087, 0.5966, 38.8969, -0.2779, -0.1190397, 40, 0.3309277
0.092, 0.7087, 38.896, -0.9936, -0.1619329, 40, 0.3312098
0.105, 0.7835, 38.8877, -2.5397, -0.1168233, 40, 0.333769
0.104, 0.851, 38.8677, -3.612, -0.1146658, 40, 0.3398823
0.088, 0.8612, 38.8686, -2.4843, -0.06303109, 40, 0.3394098
0.16, 0.8399, 38.8747, -2.4303, -0.03734775, 40, 0.3375519
0.132, 0.7124, 38.8955, -1.1394, 0.05191509, 40, 0.3311924
0.112, 0.5544, 38.9079, -0.4974, 0.104986, 40, 0.3275193
0.088, 0.4541, 38.9026, 1.7342, 0.08445173, 40, 0.3292802
0.105, 0.3407, 38.882, 3.061, 0.085398, 40, 0.3355962
0.098, 0.251, 38.8738, 2.5476, 0.07464, 40, 0.3379437
0.122, 0.1827, 38.8746, 2.5713, 0.04390193, 40, 0.3376134
0.1, 0.1633, 38.881, 2.3023, 0.009214, 40, 0.335636
0.108, 0.2517, 38.8916, 1.5339, -0.09531681, 40, 0.3324219
0.09, 0.4359, 38.8974, 0.6667, -0.2267273, 40, 0.3307156
0.093, 0.6735, 38.8873, -1.9466, -0.2907842, 40, 0.3339186
0.08, 0.8857, 38.8328, -5.2319, -0.313087, 40, 0.3508413
0.088, 1.0133, 38.7819, -6.8333, -0.202898, 40, 0.3660084
0.084, 1.0876, 38.7514, -7.3908, -0.1519393, 40, 0.3749431
0.085, 1.1092, 38.7811, -4.6361, -0.09145553, 40, 0.3653206
0.087, 1.0703, 38.8382, -3.3622, -0.02039961, 40, 0.3478837
0.092, 0.9938, 38.8782, -1.8501, 0.02186113, 40, 0.3361052
0.075, 0.8996, 38.8985, -0.0737, 0.069112, 40, 0.3301793
0.075, 0.8512, 38.9019, 0.9829, 0.01217067, 40, 0.3293847
0.082, 0.809, 38.8927, 2.1641, 0.001894146, 40, 0.3323022
0.101, 0.7657, 38.8903, 0.7406, -0.003928139, 40, 0.3329338
0.084, 0.7099, 38.8911, 0.4837, 0.022506, 40, 0.3326605
0.103, 0.6654, 38.8929, 0.3381, 0.002415806, 40, 0.3321125
0.095, 0.6143, 38.8942, 0.999, 0.01585568, 40, 0.3317263
0.076, 0.5703, 38.8958, 0.4967, 0.02251884, 40, 0.3312389
0.079, 0.5413, 38.8963, 0.8327, 0.003496684, 40, 0.3311037
0.094, 0.5567, 38.8962, 0.9993, -0.04945732, 40, 0.3311411
0.084, 0.661, 38.8965, 0.5237, -0.1613433, 40, 0.3310464
0.085, 0.8599, 38.8944, -0.8001, -0.280914, 40, 0.3317047
0.098, 1.0074, 38.8718, -3.5973, -0.207944, 40, 0.3386906
0.09, 1.1439, 38.7986, -6.5865, -0.2172673, 40, 0.3612333
0.083, 1.2053, 38.7931, -4.7623, -0.1448144, 40, 0.3621363
0.083, 1.2192, 38.8117, -4.9954, -0.08956405, 40, 0.3562659
0.085, 1.1811, 38.8442, -3.184, -0.02693894, 40, 0.3463576
0.085, 1.1066, 38.8737, -1.8028, 0.01949812, 40, 0.3375429
0.1, 0.9767, 38.8949, -0.2371, 0.0687, 40, 0.331318
0.09, 0.8549, 38.8998, 0.9238, 0.08133267, 40, 0.3300056
0.089, 0.6983, 38.8909, 2.1538, 0.130538, 40, 0.33283
0.075, 0.5796, 38.8834, 2.4696, 0.1203253, 40, 0.33508
0.105, 0.477, 38.8704, 3.6998, 0.06714, 40, 0.3390038
0.092, 0.3817, 38.8657, 3.4445, 0.07861322, 40, 0.3403411
0.077, 0.3323, 38.873, 2.1148, 0.04293473, 40, 0.3380052
0.095, 0.3249, 38.8811, 2.4017, -0.01186032, 40, 0.3355847
0.089, 0.4576, 38.8913, 1.5097, -0.1735751, 40, 0.3324954
0.092, 0.6786, 38.8974, 0.1398, -0.276129, 40, 0.3307137
0.08, 0.8543, 38.8656, -3.903, -0.2664905, 40, 0.3407175
0.087, 1.0028, 38.8008, -6.4669, -0.2274439, 40, 0.3605048
0.088, 1.1297, 38.7672, -6.2259, -0.2091025, 40, 0.3702218
0.097, 1.1788, 38.7816, -5.2498, -0.1203342, 40, 0.3653715
0.083, 1.2097, 38.819, -4.7912, -0.1090663, 40, 0.3538494
0.089, 1.3417, 38.8578, -2.572, -0.2258503, 40, 0.342224
0.084, 1.4527, 38.8844, -2.2903, -0.216662, 40, 0.3343633
0.084, 1.5272, 38.8741, -5.2099, -0.1785487, 40, 0.3378926
0.083, 1.5285, 38.8669, -4.9802, -0.09324494, 40, 0.3400167
0.104, 1.4795, 38.8712, -4.0274, -0.04259692, 40, 0.3385987
0.088, 1.3598, 38.8881, -1.8948, 0.05171427, 40, 0.333378
0.097, 1.1918, 38.9008, -0.6286, 0.09822396, 40, 0.3296291
0.108, 0.9997, 38.8947, 1.7292, 0.114331, 40, 0.3316465
0.1, 0.8829, 38.8769, 2.8919, 0.06149, 40, 0.337108
0.1, 1.0182, 38.8639, 3.2946, -0.193686, 40, 0.34096
0.097, 1.183, 38.8691, 1.9736, -0.237479, 40, 0.3392164
0.13, 1.3407, 38.8163, -4.4058, -0.1993235, 40, 0.3555162
0.125, 1.4692, 38.7683, -5.5006, -0.188896, 40, 0.369894
0.112, 1.5371, 38.7887, -4.5468, -0.1516385, 40, 0.3632079
0.1, 1.7088, 38.8336, -4.2861, -0.270794, 40, 0.349471
0.11, 1.7954, 38.8751, -3.3546, -0.1848767, 40, 0.3370927
0.101, 1.7925, 38.8584, -6.3335, -0.1047361, 40, 0.3426453
0.116, 1.7207, 38.8679, -4.1856, -0.04258338, 40, 0.3395481
0.102, 1.5302, 38.8915, -2.1821, 0.09121741, 40, 0.3323186
0.085, 1.3138, 38.905, -0.6283, 0.1706685, 40, 0.3283412
0.103, 1.1247, 38.8876, 2.7168, 0.1124384, 40, 0.3338889
0.086, 0.9027, 38.8412, 4.703, 0.1988147, 40, 0.3481795
0.087, 0.7837, 38.8361, 3.2473, 0.08702398, 40, 0.3492286
0.097, 1.0113, 38.8216, 5.4067, -0.2906244, 40, 0.3536695
0.098, 1.2804, 38.8384, 2.6119, -0.345924, 40, 0.3483086
0.074, 1.6091, 38.711, -6.8293, -0.5318514, 40, 0.3884216
0.088, 1.8289, 38.6267, -8.2118, -0.3545113, 40, 0.412948
0.09, 1.9792, 38.4764, -12.86, -0.282412, 40, 0.45875
0.082, 2.0564, 38.5366, -8.4265, -0.2156474, 40, 0.4382859
0.084, 2.0341, 38.6525, -6.624, -0.09602933, 40, 0.4028702
0.104, 2.0103, 38.7967, -4.9549, -0.09819108, 40, 0.3596035
0.084, 1.9975, 38.8825, -1.9644, -0.1049167, 40, 0.3342286
0.084, 1.9179, 38.9324, -2.0184, -0.02220733, 40, 0.319686
0.084, 1.8085, 38.9436, -2.1866, 0.01912333, 40, 0.3167867
0.08, 1.6685, 38.9372, -0.1189, 0.07139, 40, 0.31892
0.089, 1.5102, 38.9215, 0.9144, 0.08369587, 40, 0.3237264
0.091, 1.4989, 38.8949, 2.2211, -0.07776477, 40, 0.3318223
0.099, 1.6443, 38.8796, 2.5287, -0.2425893, 40, 0.3362745
0.082, 1.8226, 38.8659, -1.5078, -0.3224462, 40, 0.3403971
0.083, 1.9397, 38.8092, -5.6284, -0.2546447, 40, 0.3579231
0.088, 2.0101, 38.74, -7.6248, -0.199006, 40, 0.3787864
0.095, 2.0232, 38.7436, -5.9298, -0.1349057, 40, 0.3768821
0.072, 1.9756, 38.7839, -4.5388, -0.05374711, 40, 0.3642703
0.092, 1.882, 38.8343, -2.9363, -0.01321565, 40, 0.3491622
0.081, 1.7159, 38.8804, -0.9073, 0.09800649, 40, 0.3353109
0.112, 1.5555, 38.9015, 0.1059, 0.04702, 40, 0.3293616
0.122, 1.3935, 38.8846, 2.8865, 0.04652115, 40, 0.3347585
0.133, 1.556, 38.8798, 1.6118, -0.2130968, 40, 0.3360961
0.089, 1.7556, 38.8815, 1.5994, -0.3251203, 40, 0.3355309
0.088, 1.8804, 38.8268, -4.8911, -0.2518058, 40, 0.3525816
0.083, 1.9793, 38.722, -7.6917, -0.2355315, 40, 0.3846627
0.137, 2.0019, 38.7185, -5.8588, -0.1362804, 40, 0.3844755
0.089, 1.9168, 38.7861, -5.452, -0.02130238, 40, 0.3634104
0.103, 1.7995, 38.8436, -2.9707, 0.003635825, 40, 0.3463617
0.109, 1.6679, 38.8941, -0.0962, 0.01824527, 40, 0.3313067
0.093, 1.5865, 38.9149, 0.5272, -0.009413656, 40, 0.3253063
0.093, 1.4886, 38.9171, 0.8925, 0.01384744, 40, 0.3248463
0.09, 1.4028, 38.9134, 0.201, 0.009258667, 40, 0.3260211
0.101, 1.2913, 38.9054, 0.7825, 0.03071012, 40, 0.3284592
0.093, 1.2596, 38.8991, 0.6678, -0.0421717, 40, 0.3303377
0.11, 1.4149, 38.892, 1.2041, -0.2232522, 40, 0.3324645
0.108, 1.5523, 38.8884, -0.618, -0.2178158, 40, 0.3335133
0.092, 1.6443, 38.8398, -5.145, -0.196658, 40, 0.3485883
0.092, 1.7126, 38.8097, -5.0091, -0.1755103, 40, 0.3574172
0.087, 1.7217, 38.8146, -4.4801, -0.1135526, 40, 0.3555637
0.106, 1.684, 38.8354, -3.9514, -0.06618528, 40, 0.3491838
0.099, 1.586, 38.8689, -2.4025, 0.001850101, 40, 0.3389916
0.094, 1.4419, 38.8961, -1.2183, 0.06371791, 40, 0.3308806
0.102, 1.2678, 38.9068, 0.4826, 0.09120455, 40, 0.3278551
0.102, 1.0494, 38.8972, 2.0293, 0.1468713, 40, 0.3309341
0.093, 0.9702, 38.8861, 2.7164, 0.02524606, 40, 0.3342894
0.084, 0.9931, 38.863, 4.1081, -0.08630267, 40, 0.341375
0.087, 1.0341, 38.8653, 1.0675, -0.1082299, 40, 0.3403836
0.074, 1.0804, 38.861, -1.7212, -0.1261402, 40, 0.3417581
0.086, 1.1216, 38.8594, -2.2694, -0.1142448, 40, 0.3421986
0.084, 1.1509, 38.8601, -2.7172, -0.1032373, 40, 0.3419617
0.1, 1.1649, 38.8686, -2.4198, -0.083614, 40, 0.339335
0.071, 1.1559, 38.8779, -2.1446, -0.05693146, 40, 0.336499
0.085, 1.1287, 38.8863, -1.654, -0.036362, 40, 0.3340112
0.088, 1.1154, 38.8931, -0.987, -0.05211264, 40, 0.3319927
0.076, 1.1788, 38.8975, -0.4727, -0.1524806, 40, 0.3306921
0.08, 1.2159, 38.8988, -0.8665, -0.1184015, 40, 0.3303437
0.096, 1.2464, 38.8847, -3.3757, -0.1059194, 40, 0.3347369
0.087, 1.2498, 38.8802, -2.5237, -0.07881789, 40, 0.3359917
0.08, 1.2154, 38.8833, -2.2117, -0.030784, 40, 0.3349713
0.088, 1.1623, 38.8894, -1.5341, -0.01060391, 40, 0.3331107
0.08, 1.0918, 38.8947, -0.3333, 0.0208545, 40, 0.3315237
0.084, 1.01, 38.8973, 0.1712, 0.03483333, 40, 0.330779
0.101, 0.9229, 38.896, 0.9577, 0.02913887, 40, 0.3312129
0.079, 0.8156, 38.8929, 1.3072, 0.08417033, 40, 0.3321692
0.08, 0.7346, 38.8919, 1.1648, 0.055149, 40, 0.3324425
0.089, 0.6647, 38.8857, 2.5406, 0.03708654, 40, 0.3343597
0.08, 0.5977, 38.8856, 1.8151, 0.046213, 40, 0.3343213
0.076, 0.5708, 38.8876, 1.3635, 0.0004388421, 40, 0.3336937
0.092, 0.596, 38.8903, 1.5917, -0.06260348, 40, 0.3328807
0.091, 0.7208, 38.895, 0.4473, -0.177648, 40, 0.3314484
0.077, 0.7933, 38.8936, -1.1288, -0.1398707, 40, 0.3319382
0.092, 0.8794, 38.8642, -4.0049, -0.1444792, 40, 0.3410596
0.084, 0.9601, 38.8545, -3.0604, -0.151756, 40, 0.3437655
0.103, 1.0052, 38.8573, -3.1756, -0.1032227, 40, 0.3427828
0.085, 1.0071, 38.8652, -3.3576, -0.06261659, 40, 0.3403471
0.108, 0.977, 38.8776, -2.1442, -0.03130704, 40, 0.3366052
0.108, 0.8896, 38.8938, -1.1291, 0.02593141, 40, 0.33171
0.092, 0.809, 38.9006, -0.3463, 0.03731652, 40, 0.3297461
0.104, 0.6737, 38.8979, 1.0846, 0.08707223, 40, 0.330656
0.088, 0.5825, 38.8944, 1.3692, 0.06661364, 40, 0.3317198
0.092, 0.4809, 38.8837, 2.6131, 0.07937209, 40, 0.3350063
0.104, 0.388, 38.881, 2.1017, 0.06426038, 40, 0.335726
0.092, 0.3479, 38.8811, 2.4206, 0.02184122, 40, 0.3356689
0.108, 0.3257, 38.8855, 2.0428, 0.0006024444, 40, 0.3343093
0.084, 0.3309, 38.8922, 0.9824, -0.02592067, 40, 0.3322602
0.096, 0.3447, 38.8953, 0.4514, -0.0347695, 40, 0.3313777
0.088, 0.4142, 38.8971, -0.2117, -0.1022497, 40, 0.3308495
0.079, 0.8127, 38.8852, -0.4329, -0.5431038, 40, 0.3345906
0.082, 0.7396, 38.8913, -2.1199, 0.04298741, 40, 0.3325356
0.079, 0.8212, 38.5561, -13.1413, -0.1504973, 40, 0.437413
0.084, 0.9255, 38.5509, 1.511, -0.1772133, 40, 0.4347919
0.084, 1.0154, 38.6232, -3.3261, -0.1658073, 40, 0.4121793
0.092, 1.0792, 38.7359, -3.994, -0.1327129, 40, 0.378005
0.083, 1.0877, 38.816, -3.7089, -0.07529814, 40, 0.3542349
0.084, 1.0594, 38.8688, -2.8815, -0.03054733, 40, 0.3387314
0.101, 0.9806, 38.9033, -1.4461, 0.01762341, 40, 0.3286684
0.08, 0.8913, 38.9137, -0.3274, 0.0559145, 40, 0.32576
0.088, 0.7885, 38.9097, 0.8769, 0.06717182, 40, 0.3271355
0.091, 0.6556, 38.8951, 1.8342, 0.1037871, 40, 0.3316304
0.089, 0.5545, 38.885, 2.1156, 0.0780536, 40, 0.3346135
0.08, 0.4473, 38.8725, 3.031, 0.104482, 40, 0.3384062
0.095, 0.3818, 38.8719, 2.3877, 0.04466042, 40, 0.3384363
0.098, 0.3384, 38.8716, 3.0484, 0.023096, 40, 0.3385231
0.091, 0.3142, 38.8801, 1.5528, 0.007209538, 40, 0.3358766
0.095, 0.318, 38.8886, 1.0137, -0.023, 40, 0.3333305
0.084, 0.3453, 38.8941, 0.6166, -0.052568, 40, 0.3317045
0.097, 0.3791, 38.8953, -0.1387, -0.05689445, 40, 0.3313976
0.107, 0.4273, 38.8927, -0.8779, -0.06978379, 40, 0.3322143
0.085, 0.475, 38.89, -0.986, -0.08349529, 40, 0.3330318
0.089, 0.5085, 38.888, -1.3083, -0.06739764, 40, 0.3336225
0.087, 0.5381, 38.886, -1.6511, -0.06562853, 40, 0.334223
0.091, 0.55, 38.8867, -1.2486, -0.04581538, 40, 0.3339823
0.088, 0.5492, 38.8886, -1.2044, -0.03206109, 40, 0.3333984
0.105, 0.5366, 38.8906, -0.7091, -0.020436, 40, 0.332801
0.081, 0.5089, 38.8924, -0.3652, 0.00297958, 40, 0.3322578
0.095, 0.4793, 38.8932, -0.0746, 0.001776737, 40, 0.3320316
0.079, 0.438, 38.8926, 0.5108, 0.02495291, 40, 0.3322276
0.09, 0.4045, 38.8922, 0.4808, 0.01220778, 40, 0.3323444
0.083, 0.3737, 38.8908, 1.0602, 0.01394427, 40, 0.3327769
0.086, 0.3417, 38.8905, 0.7415, 0.01596312, 40, 0.3328535
0.09, 0.3221, 38.8907, 0.7849, 0.002016222, 40, 0.3327878
0.084, 0.307, 38.891, 0.8354, -0.0008033333, 40, 0.3326964
0.08, 0.3024, 38.8916, 0.4867, -0.012509, 40, 0.3325125
0.088, 0.3037, 38.8921, 0.4162, -0.01966973, 40, 0.3323643
0.084, 0.3098, 38.8924, 0.1236, -0.02570467, 40, 0.3322764
0.076, 0.3192, 38.8925, -0.0554, -0.03127305, 40, 0.3322487
0.095, 0.3305, 38.8924, -0.2063, -0.03148684, 40, 0.3322811
0.085, 0.345, 38.8921, -0.3455, -0.03741765, 40, 0.3323735
0.08, 0.3557, 38.892, -0.3508, -0.0344495, 40, 0.3324012
0.091, 0.366, 38.8919, -0.4991, -0.03305231, 40, 0.3324311
0.089, 0.3709, 38.8919, -0.4249, -0.02764951, 40, 0.33243
0.092, 0.3724, 38.892, -0.39, -0.02394183, 40, 0.3323989
0.084, 0.3699, 38.8923, -0.2549, -0.01927733, 40, 0.3323064
0.1, 0.3629, 38.8925, -0.1622, -0.014914, 40, 0.332248
0.124, 0.3526, 38.8926, -0.0456, -0.01301568, 40, 0.3322192
0.084, 0.3401, 38.8927, 0.0635, -0.005822667, 40, 0.3321888
0.071, 0.3293, 38.8926, 0.1109, -0.004850958, 40, 0.3322214
0.089, 0.319, 38.8925, 0.2908, -0.007798427, 40, 0.3322511
0.072, 0.31, 38.8923, 0.3151, -0.00635, 40, 0.3323128
0.09, 0.3026, 38.8923, 0.2414, -0.01009822, 40, 0.33231
0.094, 0.2962, 38.8923, 0.2776, -0.01109966, 40, 0.33231
0.08, 0.2934, 38.8924, 0.1839, -0.014174, 40, 0.3322787
0.1, 0.2927, 38.8924, 0.1588, -0.016876, 40, 0.33228
0.084, 0.2942, 38.8925, 0.082, -0.019402, 40, 0.3322488
0.08, 0.3201, 38.8925, 0.0144, -0.0509335, 40, 0.33225
0.096, 0.4835, 38.8925, -0.0487, -0.1958142, 40, 0.33225
0.077, 0.545, 38.8912, -0.837, -0.1109727, 40, 0.3326569
0.097, 0.3337, 38.8588, -4.459, 0.1934564, 40, 0.342694
0.078, 0.3297, 38.8561, -2.338, -0.01475636, 40, 0.3432046
0.089, 0.3286, 38.791, 5.2727, -0.01850476, 40, 0.3634315
0.089, 0.3392, 38.8026, 0.0674, -0.03202391, 40, 0.3590897
0.098, 0.3488, 38.829, -0.0263, -0.030528, 40, 0.3510306
0.08, 0.3582, 38.8561, -0.3643, -0.033007, 40, 0.3428313
0.164, 0.3713, 38.89, -0.3269, -0.03010605, 40, 0.3327933
0.105, 0.3771, 38.9071, -0.3888, -0.02803933, 40, 0.3277071
0.079, 0.3772, 38.9099, -0.3163, -0.02275605, 40, 0.3269946
0.1, 0.374, 38.9067, -0.2647, -0.019304, 40, 0.328022
0.076, 0.3667, 38.8616, -0.1326, -0.01258884, 40, 0.3421134
0.082, 0.3613, 38.7564, -0.0463, -0.01522434, 40, 0.3743629
0.083, 0.3508, 38.9236, 0.1216, -0.00865041, 40, 0.3209055
0.095, 0.3422, 38.9305, 0.0557, -0.01166042, 40, 0.3207774
0.084, 0.3342, 38.9281, 0.2201, -0.01071867, 40, 0.3215986
0.076, 0.3252, 38.9119, 0.1448, -0.007906737, 40, 0.3266432
0.076, 0.322, 38.9062, 0.1684, -0.01519368, 40, 0.328215
0.085, 0.3772, 38.9049, 0.2387, -0.08627435, 40, 0.3285453
0.088, 0.4987, 38.9015, 0.0565, -0.1652288, 40, 0.3295886
0.078, 0.617, 38.8928, -1.7205, -0.1856533, 40, 0.3322715
0.089, 0.7183, 38.8705, -3.6944, -0.1546418, 40, 0.3391006
0.088, 0.7921, 38.8529, -4.205, -0.1297124, 40, 0.34433
0.092, 0.8408, 38.8544, -3.4297, -0.1023241, 40, 0.3436637
0.085, 0.8449, 38.8651, -2.8065, -0.05542106, 40, 0.3403441
0.08, 0.8096, 38.8825, -2.1218, -0.0053335, 40, 0.3350325
0.079, 0.7541, 38.8941, -0.9492, 0.0236021, 40, 0.3316232
0.077, 0.7017, 38.8975, 0.303, 0.02458891, 40, 0.3307058
0.076, 0.6251, 38.8954, 1.0264, 0.06126768, 40, 0.3314076
0.084, 0.5535, 38.8934, 1.0511, 0.05032333, 40, 0.3320038
0.083, 0.5763, 38.8885, 1.968, -0.06149848, 40, 0.333509
0.076, 0.6526, 38.8871, 1.6944, -0.1375428, 40, 0.3338884
0.096, 0.7495, 38.8837, -1.1011, -0.1438888, 40, 0.3349254
0.079, 0.8152, 38.8693, -3.0022, -0.1304133, 40, 0.3393923
0.089, 0.8614, 38.861, -3.1609, -0.1025559, 40, 0.3417933
0.076, 0.8851, 38.8628, -2.824, -0.08366653, 40, 0.3411363
0.093, 0.8832, 38.8743, -2.1276, -0.05098985, 40, 0.3375863
0.091, 0.8577, 38.8848, -1.6553, -0.02400046, 40, 0.3344446
0.096, 0.8006, 38.8946, -0.8384, 0.01025358, 40, 0.3315179
0.079, 0.7397, 38.899, -0.1637, 0.03116484, 40, 0.3302443
0.081, 0.6712, 38.8986, 0.6927, 0.04260454, 40, 0.3304249
0.096, 0.6508, 38.8949, 1.2155, -0.018223, 40, 0.3315685
0.08, 0.7648, 38.8919, 1.5014, -0.185538, 40, 0.3324675
0.08, 0.8817, 38.8915, -0.0192, -0.1961045, 40, 0.332555
0.091, 1.0057, 38.8479, -4.2021, -0.1938805, 40, 0.3461091
0.081, 1.072, 38.826, -4.4663, -0.1445348, 40, 0.3524704
0.08, 1.1246, 38.8226, -4.4107, -0.131911, 40, 0.3532625
0.083, 1.3619, 38.8393, -3.177, -0.3618995, 40, 0.3480088
0.082, 1.6266, 38.8593, -2.8614, -0.4139448, 40, 0.3419661
0.089, 1.8382, 38.7843, -8.6112, -0.3432898, 40, 0.3655527
0.087, 1.9933, 38.6869, -9.9123, -0.2943083, 40, 0.3950495
0.075, 2.0233, 38.6908, -8.1459, -0.160598, 40, 0.392708
0.072, 1.9929, 38.7272, -6.9214, -0.07819622, 40, 0.3813344
0.088, 1.8931, 38.8012, -3.5786, -0.002445091, 40, 0.3587991
0.079, 1.7465, 38.8723, -1.5186, 0.07706823, 40, 0.33741
0.081, 1.8277, 38.8952, 0.3752, -0.207904, 40, 0.3311573
0.101, 2.003, 38.8859, 2.363, -0.2902731, 40, 0.3343221
0.087, 2.1359, 38.8309, -4.7613, -0.2778574, 40, 0.3513622
0.072, 2.1865, 38.7685, -6.8205, -0.2000622, 40, 0.3703167
0.101, 2.0972, 38.7481, -6.5101, -0.03918448, 40, 0.375772
0.086, 2.6392, 38.7892, -4.5652, -0.7759799, 40, 0.3627621
0.092, 3.0295, 38.8333, -0.5433, -0.5975243, 40, 0.3495307
0.093, 3.4166, 38.4074, -18.9632, -0.6129078, 40, 0.4823596
0.084, 3.5989, 38.2207, -14.5018, -0.4286173, 40, 0.5360126
0.083, 3.642, 38.1965, -14.8864, -0.2694092, 40, 0.5413416
0.081, 3.5709, 38.3374, -10.2791, -0.1282318, 40, 0.4970405
0.079, 3.3479, 38.6236, -6.2989, 0.07575891, 40, 0.4092972
0.092, 3.2755, 38.8197, -2.7695, -0.1194083, 40, 0.3519585
0.085, 3.2829, 38.8746, 2.3303, -0.2055058, 40, 0.3369741
0.104, 3.2279, 38.9029, -2.5489, -0.1418471, 40, 0.3288579
